# RELU_TEST

## TEST_0 (reset)

### TEST_0, step = -1

#### SRC_MEM (TEST_0, step = -1)

[[[-51, -50, -49, -48, -47],
  [-50, -48, -46, -44, -42],
  [-49, -46, -43, -40, -37],
  [-48, -44, -40, -36, -32],
  [-47, -42, -37, -32, -27],
  [-46, -40, -34, -28, -22],
  [-45, -38, -31, -24, -17]]
 [[-50, -48, -46, -44, -42],
  [-48, -44, -40, -36, -32],
  [-46, -40, -34, -28, -22],
  [-44, -36, -28, -20, -12],
  [-42, -32, -22, -12, -2],
  [-40, -28, -16, -4, 8],
  [-38, -24, -10, 4, 18]]
 [[-49, -46, -43, -40, -37],
  [-46, -40, -34, -28, -22],
  [-43, -34, -25, -16, -7],
  [-40, -28, -16, -4, 8],
  [-37, -22, -7, 8, 23],
  [-34, -16, 2, 20, 38],
  [-31, -10, 11, 32, 53]]]

#### DST_MEM (TEST_0, step = -1)

[[[0, 0, 0, 0, 0],
  [0, 0, 0, 0, 0],
  [0, 0, 0, 0, 0],
  [0, 0, 0, 0, 0],
  [0, 0, 0, 0, 0],
  [0, 0, 0, 0, 0],
  [0, 0, 0, 0, 0]]
 [[0, 0, 0, 0, 0],
  [0, 0, 0, 0, 0],
  [0, 0, 0, 0, 0],
  [0, 0, 0, 0, 0],
  [0, 0, 0, 0, 0],
  [0, 0, 0, 0, 0],
  [0, 0, 0, 0, 0]]
 [[0, 0, 0, 0, 0],
  [0, 0, 0, 0, 0],
  [0, 0, 0, 0, 0],
  [0, 0, 0, 0, 0],
  [0, 0, 0, 0, 0],
  [0, 0, 0, 0, 0],
  [0, 0, 0, 0, 0]]]

## TEST_1 (run)

### TEST_1, step = 0

#### SRC_MEM (TEST_1, step = 0)

[[[-51, -50, -49, -48, -47],
  [-50, -48, -46, -44, -42],
  [-49, -46, -43, -40, -37],
  [-48, -44, -40, -36, -32],
  [-47, -42, -37, -32, -27],
  [-46, -40, -34, -28, -22],
  [-45, -38, -31, -24, -17]]
 [[-50, -48, -46, -44, -42],
  [-48, -44, -40, -36, -32],
  [-46, -40, -34, -28, -22],
  [-44, -36, -28, -20, -12],
  [-42, -32, -22, -12, -2],
  [-40, -28, -16, -4, 8],
  [-38, -24, -10, 4, 18]]
 [[-49, -46, -43, -40, -37],
  [-46, -40, -34, -28, -22],
  [-43, -34, -25, -16, -7],
  [-40, -28, -16, -4, 8],
  [-37, -22, -7, 8, 23],
  [-34, -16, 2, 20, 38],
  [-31, -10, 11, 32, 53]]]

#### DST_MEM (TEST_1, step = 0)

[[[0, 0, 0, 0, 0],
  [0, 0, 0, 0, 0],
  [0, 0, 0, 0, 0],
  [0, 0, 0, 0, 0],
  [0, 0, 0, 0, 0],
  [0, 0, 0, 0, 0],
  [0, 0, 0, 0, 0]]
 [[0, 0, 0, 0, 0],
  [0, 0, 0, 0, 0],
  [0, 0, 0, 0, 0],
  [0, 0, 0, 0, 0],
  [0, 0, 0, 0, 0],
  [0, 0, 0, 0, 0],
  [0, 0, 0, 0, 0]]
 [[0, 0, 0, 0, 0],
  [0, 0, 0, 0, 0],
  [0, 0, 0, 0, 0],
  [0, 0, 0, 0, 0],
  [0, 0, 0, 0, 0],
  [0, 0, 0, 0, 0],
  [0, 0, 0, 0, 0]]]

### TEST_1, step = 1

#### SRC_MEM (TEST_1, step = 1)

[[[-51, -50, -49, -48, -47],
  [-50, -48, -46, -44, -42],
  [-49, -46, -43, -40, -37],
  [-48, -44, -40, -36, -32],
  [-47, -42, -37, -32, -27],
  [-46, -40, -34, -28, -22],
  [-45, -38, -31, -24, -17]]
 [[-50, -48, -46, -44, -42],
  [-48, -44, -40, -36, -32],
  [-46, -40, -34, -28, -22],
  [-44, -36, -28, -20, -12],
  [-42, -32, -22, -12, -2],
  [-40, -28, -16, -4, 8],
  [-38, -24, -10, 4, 18]]
 [[-49, -46, -43, -40, -37],
  [-46, -40, -34, -28, -22],
  [-43, -34, -25, -16, -7],
  [-40, -28, -16, -4, 8],
  [-37, -22, -7, 8, 23],
  [-34, -16, 2, 20, 38],
  [-31, -10, 11, 32, 53]]]

#### DST_MEM (TEST_1, step = 1)

[[[0, 0, 0, 0, 0],
  [0, 0, 0, 0, 0],
  [0, 0, 0, 0, 0],
  [0, 0, 0, 0, 0],
  [0, 0, 0, 0, 0],
  [0, 0, 0, 0, 0],
  [0, 0, 0, 0, 0]]
 [[0, 0, 0, 0, 0],
  [0, 0, 0, 0, 0],
  [0, 0, 0, 0, 0],
  [0, 0, 0, 0, 0],
  [0, 0, 0, 0, 0],
  [0, 0, 0, 0, 0],
  [0, 0, 0, 0, 0]]
 [[0, 0, 0, 0, 0],
  [0, 0, 0, 0, 0],
  [0, 0, 0, 0, 0],
  [0, 0, 0, 0, 0],
  [0, 0, 0, 0, 0],
  [0, 0, 0, 0, 0],
  [0, 0, 0, 0, 0]]]

### TEST_1, step = 2

#### SRC_MEM (TEST_1, step = 2)

[[[-51, -50, -49, -48, -47],
  [-50, -48, -46, -44, -42],
  [-49, -46, -43, -40, -37],
  [-48, -44, -40, -36, -32],
  [-47, -42, -37, -32, -27],
  [-46, -40, -34, -28, -22],
  [-45, -38, -31, -24, -17]]
 [[-50, -48, -46, -44, -42],
  [-48, -44, -40, -36, -32],
  [-46, -40, -34, -28, -22],
  [-44, -36, -28, -20, -12],
  [-42, -32, -22, -12, -2],
  [-40, -28, -16, -4, 8],
  [-38, -24, -10, 4, 18]]
 [[-49, -46, -43, -40, -37],
  [-46, -40, -34, -28, -22],
  [-43, -34, -25, -16, -7],
  [-40, -28, -16, -4, 8],
  [-37, -22, -7, 8, 23],
  [-34, -16, 2, 20, 38],
  [-31, -10, 11, 32, 53]]]

#### DST_MEM (TEST_1, step = 2)

[[[0, 0, 0, 0, 0],
  [0, 0, 0, 0, 0],
  [0, 0, 0, 0, 0],
  [0, 0, 0, 0, 0],
  [0, 0, 0, 0, 0],
  [0, 0, 0, 0, 0],
  [0, 0, 0, 0, 0]]
 [[0, 0, 0, 0, 0],
  [0, 0, 0, 0, 0],
  [0, 0, 0, 0, 0],
  [0, 0, 0, 0, 0],
  [0, 0, 0, 0, 0],
  [0, 0, 0, 0, 0],
  [0, 0, 0, 0, 0]]
 [[0, 0, 0, 0, 0],
  [0, 0, 0, 0, 0],
  [0, 0, 0, 0, 0],
  [0, 0, 0, 0, 0],
  [0, 0, 0, 0, 0],
  [0, 0, 0, 0, 0],
  [0, 0, 0, 0, 0]]]

### TEST_1, step = 3

#### SRC_MEM (TEST_1, step = 3)

[[[-51, -50, -49, -48, -47],
  [-50, -48, -46, -44, -42],
  [-49, -46, -43, -40, -37],
  [-48, -44, -40, -36, -32],
  [-47, -42, -37, -32, -27],
  [-46, -40, -34, -28, -22],
  [-45, -38, -31, -24, -17]]
 [[-50, -48, -46, -44, -42],
  [-48, -44, -40, -36, -32],
  [-46, -40, -34, -28, -22],
  [-44, -36, -28, -20, -12],
  [-42, -32, -22, -12, -2],
  [-40, -28, -16, -4, 8],
  [-38, -24, -10, 4, 18]]
 [[-49, -46, -43, -40, -37],
  [-46, -40, -34, -28, -22],
  [-43, -34, -25, -16, -7],
  [-40, -28, -16, -4, 8],
  [-37, -22, -7, 8, 23],
  [-34, -16, 2, 20, 38],
  [-31, -10, 11, 32, 53]]]

#### DST_MEM (TEST_1, step = 3)

[[[0, 0, 0, 0, 0],
  [0, 0, 0, 0, 0],
  [0, 0, 0, 0, 0],
  [0, 0, 0, 0, 0],
  [0, 0, 0, 0, 0],
  [0, 0, 0, 0, 0],
  [0, 0, 0, 0, 0]]
 [[0, 0, 0, 0, 0],
  [0, 0, 0, 0, 0],
  [0, 0, 0, 0, 0],
  [0, 0, 0, 0, 0],
  [0, 0, 0, 0, 0],
  [0, 0, 0, 0, 0],
  [0, 0, 0, 0, 0]]
 [[0, 0, 0, 0, 0],
  [0, 0, 0, 0, 0],
  [0, 0, 0, 0, 0],
  [0, 0, 0, 0, 0],
  [0, 0, 0, 0, 0],
  [0, 0, 0, 0, 0],
  [0, 0, 0, 0, 0]]]

### TEST_1, step = 4

#### SRC_MEM (TEST_1, step = 4)

[[[-51, -50, -49, -48, -47],
  [-50, -48, -46, -44, -42],
  [-49, -46, -43, -40, -37],
  [-48, -44, -40, -36, -32],
  [-47, -42, -37, -32, -27],
  [-46, -40, -34, -28, -22],
  [-45, -38, -31, -24, -17]]
 [[-50, -48, -46, -44, -42],
  [-48, -44, -40, -36, -32],
  [-46, -40, -34, -28, -22],
  [-44, -36, -28, -20, -12],
  [-42, -32, -22, -12, -2],
  [-40, -28, -16, -4, 8],
  [-38, -24, -10, 4, 18]]
 [[-49, -46, -43, -40, -37],
  [-46, -40, -34, -28, -22],
  [-43, -34, -25, -16, -7],
  [-40, -28, -16, -4, 8],
  [-37, -22, -7, 8, 23],
  [-34, -16, 2, 20, 38],
  [-31, -10, 11, 32, 53]]]

#### DST_MEM (TEST_1, step = 4)

[[[0, 0, 0, 0, 0],
  [0, 0, 0, 0, 0],
  [0, 0, 0, 0, 0],
  [0, 0, 0, 0, 0],
  [0, 0, 0, 0, 0],
  [0, 0, 0, 0, 0],
  [0, 0, 0, 0, 0]]
 [[0, 0, 0, 0, 0],
  [0, 0, 0, 0, 0],
  [0, 0, 0, 0, 0],
  [0, 0, 0, 0, 0],
  [0, 0, 0, 0, 0],
  [0, 0, 0, 0, 0],
  [0, 0, 0, 0, 0]]
 [[0, 0, 0, 0, 0],
  [0, 0, 0, 0, 0],
  [0, 0, 0, 0, 0],
  [0, 0, 0, 0, 0],
  [0, 0, 0, 0, 0],
  [0, 0, 0, 0, 0],
  [0, 0, 0, 0, 0]]]

### TEST_1, step = 5

#### SRC_MEM (TEST_1, step = 5)

[[[-51, -50, -49, -48, -47],
  [-50, -48, -46, -44, -42],
  [-49, -46, -43, -40, -37],
  [-48, -44, -40, -36, -32],
  [-47, -42, -37, -32, -27],
  [-46, -40, -34, -28, -22],
  [-45, -38, -31, -24, -17]]
 [[-50, -48, -46, -44, -42],
  [-48, -44, -40, -36, -32],
  [-46, -40, -34, -28, -22],
  [-44, -36, -28, -20, -12],
  [-42, -32, -22, -12, -2],
  [-40, -28, -16, -4, 8],
  [-38, -24, -10, 4, 18]]
 [[-49, -46, -43, -40, -37],
  [-46, -40, -34, -28, -22],
  [-43, -34, -25, -16, -7],
  [-40, -28, -16, -4, 8],
  [-37, -22, -7, 8, 23],
  [-34, -16, 2, 20, 38],
  [-31, -10, 11, 32, 53]]]

#### DST_MEM (TEST_1, step = 5)

[[[0, 0, 0, 0, 0],
  [0, 0, 0, 0, 0],
  [0, 0, 0, 0, 0],
  [0, 0, 0, 0, 0],
  [0, 0, 0, 0, 0],
  [0, 0, 0, 0, 0],
  [0, 0, 0, 0, 0]]
 [[0, 0, 0, 0, 0],
  [0, 0, 0, 0, 0],
  [0, 0, 0, 0, 0],
  [0, 0, 0, 0, 0],
  [0, 0, 0, 0, 0],
  [0, 0, 0, 0, 0],
  [0, 0, 0, 0, 0]]
 [[0, 0, 0, 0, 0],
  [0, 0, 0, 0, 0],
  [0, 0, 0, 0, 0],
  [0, 0, 0, 0, 0],
  [0, 0, 0, 0, 0],
  [0, 0, 0, 0, 0],
  [0, 0, 0, 0, 0]]]

### TEST_1, step = 6

#### SRC_MEM (TEST_1, step = 6)

[[[-51, -50, -49, -48, -47],
  [-50, -48, -46, -44, -42],
  [-49, -46, -43, -40, -37],
  [-48, -44, -40, -36, -32],
  [-47, -42, -37, -32, -27],
  [-46, -40, -34, -28, -22],
  [-45, -38, -31, -24, -17]]
 [[-50, -48, -46, -44, -42],
  [-48, -44, -40, -36, -32],
  [-46, -40, -34, -28, -22],
  [-44, -36, -28, -20, -12],
  [-42, -32, -22, -12, -2],
  [-40, -28, -16, -4, 8],
  [-38, -24, -10, 4, 18]]
 [[-49, -46, -43, -40, -37],
  [-46, -40, -34, -28, -22],
  [-43, -34, -25, -16, -7],
  [-40, -28, -16, -4, 8],
  [-37, -22, -7, 8, 23],
  [-34, -16, 2, 20, 38],
  [-31, -10, 11, 32, 53]]]

#### DST_MEM (TEST_1, step = 6)

[[[0, 0, 0, 0, 0],
  [0, 0, 0, 0, 0],
  [0, 0, 0, 0, 0],
  [0, 0, 0, 0, 0],
  [0, 0, 0, 0, 0],
  [0, 0, 0, 0, 0],
  [0, 0, 0, 0, 0]]
 [[0, 0, 0, 0, 0],
  [0, 0, 0, 0, 0],
  [0, 0, 0, 0, 0],
  [0, 0, 0, 0, 0],
  [0, 0, 0, 0, 0],
  [0, 0, 0, 0, 0],
  [0, 0, 0, 0, 0]]
 [[0, 0, 0, 0, 0],
  [0, 0, 0, 0, 0],
  [0, 0, 0, 0, 0],
  [0, 0, 0, 0, 0],
  [0, 0, 0, 0, 0],
  [0, 0, 0, 0, 0],
  [0, 0, 0, 0, 0]]]

### TEST_1, step = 7

#### SRC_MEM (TEST_1, step = 7)

[[[-51, -50, -49, -48, -47],
  [-50, -48, -46, -44, -42],
  [-49, -46, -43, -40, -37],
  [-48, -44, -40, -36, -32],
  [-47, -42, -37, -32, -27],
  [-46, -40, -34, -28, -22],
  [-45, -38, -31, -24, -17]]
 [[-50, -48, -46, -44, -42],
  [-48, -44, -40, -36, -32],
  [-46, -40, -34, -28, -22],
  [-44, -36, -28, -20, -12],
  [-42, -32, -22, -12, -2],
  [-40, -28, -16, -4, 8],
  [-38, -24, -10, 4, 18]]
 [[-49, -46, -43, -40, -37],
  [-46, -40, -34, -28, -22],
  [-43, -34, -25, -16, -7],
  [-40, -28, -16, -4, 8],
  [-37, -22, -7, 8, 23],
  [-34, -16, 2, 20, 38],
  [-31, -10, 11, 32, 53]]]

#### DST_MEM (TEST_1, step = 7)

[[[0, 0, 0, 0, 0],
  [0, 0, 0, 0, 0],
  [0, 0, 0, 0, 0],
  [0, 0, 0, 0, 0],
  [0, 0, 0, 0, 0],
  [0, 0, 0, 0, 0],
  [0, 0, 0, 0, 0]]
 [[0, 0, 0, 0, 0],
  [0, 0, 0, 0, 0],
  [0, 0, 0, 0, 0],
  [0, 0, 0, 0, 0],
  [0, 0, 0, 0, 0],
  [0, 0, 0, 0, 0],
  [0, 0, 0, 0, 0]]
 [[0, 0, 0, 0, 0],
  [0, 0, 0, 0, 0],
  [0, 0, 0, 0, 0],
  [0, 0, 0, 0, 8],
  [0, 0, 0, 0, 0],
  [0, 0, 0, 0, 0],
  [0, 0, 0, 0, 0]]]

### TEST_1, step = 8

#### SRC_MEM (TEST_1, step = 8)

[[[-51, -50, -49, -48, -47],
  [-50, -48, -46, -44, -42],
  [-49, -46, -43, -40, -37],
  [-48, -44, -40, -36, -32],
  [-47, -42, -37, -32, -27],
  [-46, -40, -34, -28, -22],
  [-45, -38, -31, -24, -17]]
 [[-50, -48, -46, -44, -42],
  [-48, -44, -40, -36, -32],
  [-46, -40, -34, -28, -22],
  [-44, -36, -28, -20, -12],
  [-42, -32, -22, -12, -2],
  [-40, -28, -16, -4, 8],
  [-38, -24, -10, 4, 18]]
 [[-49, -46, -43, -40, -37],
  [-46, -40, -34, -28, -22],
  [-43, -34, -25, -16, -7],
  [-40, -28, -16, -4, 8],
  [-37, -22, -7, 8, 23],
  [-34, -16, 2, 20, 38],
  [-31, -10, 11, 32, 53]]]

#### DST_MEM (TEST_1, step = 8)

[[[0, 0, 0, 0, 0],
  [0, 0, 0, 0, 0],
  [0, 0, 0, 0, 0],
  [0, 0, 0, 0, 0],
  [0, 0, 0, 0, 0],
  [0, 0, 0, 0, 0],
  [0, 0, 0, 0, 0]]
 [[0, 0, 0, 0, 0],
  [0, 0, 0, 0, 0],
  [0, 0, 0, 0, 0],
  [0, 0, 0, 0, 0],
  [0, 0, 0, 0, 0],
  [0, 0, 0, 0, 0],
  [0, 0, 0, 0, 0]]
 [[0, 0, 0, 0, 0],
  [0, 0, 0, 0, 0],
  [0, 0, 0, 0, 0],
  [0, 0, 0, 0, 8],
  [0, 0, 0, 8, 0],
  [0, 0, 0, 0, 0],
  [0, 0, 0, 0, 0]]]

### TEST_1, step = 9

#### SRC_MEM (TEST_1, step = 9)

[[[-51, -50, -49, -48, -47],
  [-50, -48, -46, -44, -42],
  [-49, -46, -43, -40, -37],
  [-48, -44, -40, -36, -32],
  [-47, -42, -37, -32, -27],
  [-46, -40, -34, -28, -22],
  [-45, -38, -31, -24, -17]]
 [[-50, -48, -46, -44, -42],
  [-48, -44, -40, -36, -32],
  [-46, -40, -34, -28, -22],
  [-44, -36, -28, -20, -12],
  [-42, -32, -22, -12, -2],
  [-40, -28, -16, -4, 8],
  [-38, -24, -10, 4, 18]]
 [[-49, -46, -43, -40, -37],
  [-46, -40, -34, -28, -22],
  [-43, -34, -25, -16, -7],
  [-40, -28, -16, -4, 8],
  [-37, -22, -7, 8, 23],
  [-34, -16, 2, 20, 38],
  [-31, -10, 11, 32, 53]]]

#### DST_MEM (TEST_1, step = 9)

[[[0, 0, 0, 0, 0],
  [0, 0, 0, 0, 0],
  [0, 0, 0, 0, 0],
  [0, 0, 0, 0, 0],
  [0, 0, 0, 0, 0],
  [0, 0, 0, 0, 0],
  [0, 0, 0, 0, 0]]
 [[0, 0, 0, 0, 0],
  [0, 0, 0, 0, 0],
  [0, 0, 0, 0, 0],
  [0, 0, 0, 0, 0],
  [0, 0, 0, 0, 0],
  [0, 0, 0, 0, 0],
  [0, 0, 0, 0, 0]]
 [[0, 0, 0, 0, 0],
  [0, 0, 0, 0, 0],
  [0, 0, 0, 0, 0],
  [0, 0, 0, 0, 8],
  [0, 0, 0, 8, 23],
  [0, 0, 0, 0, 0],
  [0, 0, 0, 0, 0]]]

### TEST_1, step = 10

#### SRC_MEM (TEST_1, step = 10)

[[[-51, -50, -49, -48, -47],
  [-50, -48, -46, -44, -42],
  [-49, -46, -43, -40, -37],
  [-48, -44, -40, -36, -32],
  [-47, -42, -37, -32, -27],
  [-46, -40, -34, -28, -22],
  [-45, -38, -31, -24, -17]]
 [[-50, -48, -46, -44, -42],
  [-48, -44, -40, -36, -32],
  [-46, -40, -34, -28, -22],
  [-44, -36, -28, -20, -12],
  [-42, -32, -22, -12, -2],
  [-40, -28, -16, -4, 8],
  [-38, -24, -10, 4, 18]]
 [[-49, -46, -43, -40, -37],
  [-46, -40, -34, -28, -22],
  [-43, -34, -25, -16, -7],
  [-40, -28, -16, -4, 8],
  [-37, -22, -7, 8, 23],
  [-34, -16, 2, 20, 38],
  [-31, -10, 11, 32, 53]]]

#### DST_MEM (TEST_1, step = 10)

[[[0, 0, 0, 0, 0],
  [0, 0, 0, 0, 0],
  [0, 0, 0, 0, 0],
  [0, 0, 0, 0, 0],
  [0, 0, 0, 0, 0],
  [0, 0, 0, 0, 0],
  [0, 0, 0, 0, 0]]
 [[0, 0, 0, 0, 0],
  [0, 0, 0, 0, 0],
  [0, 0, 0, 0, 0],
  [0, 0, 0, 0, 0],
  [0, 0, 0, 0, 0],
  [0, 0, 0, 0, 0],
  [0, 0, 0, 0, 0]]
 [[0, 0, 0, 0, 0],
  [0, 0, 0, 0, 0],
  [0, 0, 0, 0, 0],
  [0, 0, 0, 0, 8],
  [0, 0, 0, 8, 23],
  [0, 0, 2, 20, 0],
  [0, 0, 0, 0, 0]]]

### TEST_1, step = 11

#### SRC_MEM (TEST_1, step = 11)

[[[-51, -50, -49, -48, -47],
  [-50, -48, -46, -44, -42],
  [-49, -46, -43, -40, -37],
  [-48, -44, -40, -36, -32],
  [-47, -42, -37, -32, -27],
  [-46, -40, -34, -28, -22],
  [-45, -38, -31, -24, -17]]
 [[-50, -48, -46, -44, -42],
  [-48, -44, -40, -36, -32],
  [-46, -40, -34, -28, -22],
  [-44, -36, -28, -20, -12],
  [-42, -32, -22, -12, -2],
  [-40, -28, -16, -4, 8],
  [-38, -24, -10, 4, 18]]
 [[-49, -46, -43, -40, -37],
  [-46, -40, -34, -28, -22],
  [-43, -34, -25, -16, -7],
  [-40, -28, -16, -4, 8],
  [-37, -22, -7, 8, 23],
  [-34, -16, 2, 20, 38],
  [-31, -10, 11, 32, 53]]]

#### DST_MEM (TEST_1, step = 11)

[[[0, 0, 0, 0, 0],
  [0, 0, 0, 0, 0],
  [0, 0, 0, 0, 0],
  [0, 0, 0, 0, 0],
  [0, 0, 0, 0, 0],
  [0, 0, 0, 0, 0],
  [0, 0, 0, 0, 0]]
 [[0, 0, 0, 0, 0],
  [0, 0, 0, 0, 0],
  [0, 0, 0, 0, 0],
  [0, 0, 0, 0, 0],
  [0, 0, 0, 0, 0],
  [0, 0, 0, 0, 8],
  [0, 0, 0, 0, 0]]
 [[0, 0, 0, 0, 0],
  [0, 0, 0, 0, 0],
  [0, 0, 0, 0, 0],
  [0, 0, 0, 0, 8],
  [0, 0, 0, 8, 23],
  [0, 0, 2, 20, 38],
  [0, 0, 0, 0, 0]]]

### TEST_1, step = 12

#### SRC_MEM (TEST_1, step = 12)

[[[-51, -50, -49, -48, -47],
  [-50, -48, -46, -44, -42],
  [-49, -46, -43, -40, -37],
  [-48, -44, -40, -36, -32],
  [-47, -42, -37, -32, -27],
  [-46, -40, -34, -28, -22],
  [-45, -38, -31, -24, -17]]
 [[-50, -48, -46, -44, -42],
  [-48, -44, -40, -36, -32],
  [-46, -40, -34, -28, -22],
  [-44, -36, -28, -20, -12],
  [-42, -32, -22, -12, -2],
  [-40, -28, -16, -4, 8],
  [-38, -24, -10, 4, 18]]
 [[-49, -46, -43, -40, -37],
  [-46, -40, -34, -28, -22],
  [-43, -34, -25, -16, -7],
  [-40, -28, -16, -4, 8],
  [-37, -22, -7, 8, 23],
  [-34, -16, 2, 20, 38],
  [-31, -10, 11, 32, 53]]]

#### DST_MEM (TEST_1, step = 12)

[[[0, 0, 0, 0, 0],
  [0, 0, 0, 0, 0],
  [0, 0, 0, 0, 0],
  [0, 0, 0, 0, 0],
  [0, 0, 0, 0, 0],
  [0, 0, 0, 0, 0],
  [0, 0, 0, 0, 0]]
 [[0, 0, 0, 0, 0],
  [0, 0, 0, 0, 0],
  [0, 0, 0, 0, 0],
  [0, 0, 0, 0, 0],
  [0, 0, 0, 0, 0],
  [0, 0, 0, 0, 8],
  [0, 0, 0, 4, 18]]
 [[0, 0, 0, 0, 0],
  [0, 0, 0, 0, 0],
  [0, 0, 0, 0, 0],
  [0, 0, 0, 0, 8],
  [0, 0, 0, 8, 23],
  [0, 0, 2, 20, 38],
  [0, 0, 11, 32, 0]]]

### TEST_1, step = 13

#### SRC_MEM (TEST_1, step = 13)

[[[-51, -50, -49, -48, -47],
  [-50, -48, -46, -44, -42],
  [-49, -46, -43, -40, -37],
  [-48, -44, -40, -36, -32],
  [-47, -42, -37, -32, -27],
  [-46, -40, -34, -28, -22],
  [-45, -38, -31, -24, -17]]
 [[-50, -48, -46, -44, -42],
  [-48, -44, -40, -36, -32],
  [-46, -40, -34, -28, -22],
  [-44, -36, -28, -20, -12],
  [-42, -32, -22, -12, -2],
  [-40, -28, -16, -4, 8],
  [-38, -24, -10, 4, 18]]
 [[-49, -46, -43, -40, -37],
  [-46, -40, -34, -28, -22],
  [-43, -34, -25, -16, -7],
  [-40, -28, -16, -4, 8],
  [-37, -22, -7, 8, 23],
  [-34, -16, 2, 20, 38],
  [-31, -10, 11, 32, 53]]]

#### DST_MEM (TEST_1, step = 13)

[[[0, 0, 0, 0, 0],
  [0, 0, 0, 0, 0],
  [0, 0, 0, 0, 0],
  [0, 0, 0, 0, 0],
  [0, 0, 0, 0, 0],
  [0, 0, 0, 0, 0],
  [0, 0, 0, 0, 0]]
 [[0, 0, 0, 0, 0],
  [0, 0, 0, 0, 0],
  [0, 0, 0, 0, 0],
  [0, 0, 0, 0, 0],
  [0, 0, 0, 0, 0],
  [0, 0, 0, 0, 8],
  [0, 0, 0, 4, 18]]
 [[0, 0, 0, 0, 0],
  [0, 0, 0, 0, 0],
  [0, 0, 0, 0, 0],
  [0, 0, 0, 0, 8],
  [0, 0, 0, 8, 23],
  [0, 0, 2, 20, 38],
  [0, 0, 11, 32, 53]]]

### TEST_1, step = 14

#### SRC_MEM (TEST_1, step = 14)

[[[-51, -50, -49, -48, -47],
  [-50, -48, -46, -44, -42],
  [-49, -46, -43, -40, -37],
  [-48, -44, -40, -36, -32],
  [-47, -42, -37, -32, -27],
  [-46, -40, -34, -28, -22],
  [-45, -38, -31, -24, -17]]
 [[-50, -48, -46, -44, -42],
  [-48, -44, -40, -36, -32],
  [-46, -40, -34, -28, -22],
  [-44, -36, -28, -20, -12],
  [-42, -32, -22, -12, -2],
  [-40, -28, -16, -4, 8],
  [-38, -24, -10, 4, 18]]
 [[-49, -46, -43, -40, -37],
  [-46, -40, -34, -28, -22],
  [-43, -34, -25, -16, -7],
  [-40, -28, -16, -4, 8],
  [-37, -22, -7, 8, 23],
  [-34, -16, 2, 20, 38],
  [-31, -10, 11, 32, 53]]]

#### DST_MEM (TEST_1, step = 14)

[[[0, 0, 0, 0, 0],
  [0, 0, 0, 0, 0],
  [0, 0, 0, 0, 0],
  [0, 0, 0, 0, 0],
  [0, 0, 0, 0, 0],
  [0, 0, 0, 0, 0],
  [0, 0, 0, 0, 0]]
 [[0, 0, 0, 0, 0],
  [0, 0, 0, 0, 0],
  [0, 0, 0, 0, 0],
  [0, 0, 0, 0, 0],
  [0, 0, 0, 0, 0],
  [0, 0, 0, 0, 8],
  [0, 0, 0, 4, 18]]
 [[0, 0, 0, 0, 0],
  [0, 0, 0, 0, 0],
  [0, 0, 0, 0, 0],
  [0, 0, 0, 0, 8],
  [0, 0, 0, 8, 23],
  [0, 0, 2, 20, 38],
  [0, 0, 11, 32, 53]]]

