# BATCHNORMALIZATION_TEST

## TEST_0 (reset)

### TEST_0, step = -1

#### SRC_MEM (TEST_0, step = -1)

[[[1, 2, 3, 4, 5, 6, 7],
  [2, 4, 6, 8, 10, 12, 14],
  [3, 6, 9, 12, 15, 18, 21],
  [4, 8, 12, 16, 20, 24, 28],
  [5, 10, 15, 20, 25, 30, 35]]
 [[2, 4, 6, 8, 10, 12, 14],
  [4, 8, 12, 16, 20, 24, 28],
  [6, 12, 18, 24, 30, 36, 42],
  [8, 16, 24, 32, 40, 48, 56],
  [10, 20, 30, 40, 50, 60, 70]]
 [[3, 6, 9, 12, 15, 18, 21],
  [6, 12, 18, 24, 30, 36, 42],
  [9, 18, 27, 36, 45, 54, 63],
  [12, 24, 36, 48, 60, 72, 84],
  [15, 30, 45, 60, 75, 90, 105]]]

#### DST_MEM (TEST_0, step = -1)

[[[0, 0, 0, 0, 0, 0, 0],
  [0, 0, 0, 0, 0, 0, 0],
  [0, 0, 0, 0, 0, 0, 0],
  [0, 0, 0, 0, 0, 0, 0],
  [0, 0, 0, 0, 0, 0, 0]]
 [[0, 0, 0, 0, 0, 0, 0],
  [0, 0, 0, 0, 0, 0, 0],
  [0, 0, 0, 0, 0, 0, 0],
  [0, 0, 0, 0, 0, 0, 0],
  [0, 0, 0, 0, 0, 0, 0]]
 [[0, 0, 0, 0, 0, 0, 0],
  [0, 0, 0, 0, 0, 0, 0],
  [0, 0, 0, 0, 0, 0, 0],
  [0, 0, 0, 0, 0, 0, 0],
  [0, 0, 0, 0, 0, 0, 0]]]

## TEST_1 (run)

### TEST_1, step = 0

#### SRC_MEM (TEST_1, step = 0)

[[[1, 2, 3, 4, 5, 6, 7],
  [2, 4, 6, 8, 10, 12, 14],
  [3, 6, 9, 12, 15, 18, 21],
  [4, 8, 12, 16, 20, 24, 28],
  [5, 10, 15, 20, 25, 30, 35]]
 [[2, 4, 6, 8, 10, 12, 14],
  [4, 8, 12, 16, 20, 24, 28],
  [6, 12, 18, 24, 30, 36, 42],
  [8, 16, 24, 32, 40, 48, 56],
  [10, 20, 30, 40, 50, 60, 70]]
 [[3, 6, 9, 12, 15, 18, 21],
  [6, 12, 18, 24, 30, 36, 42],
  [9, 18, 27, 36, 45, 54, 63],
  [12, 24, 36, 48, 60, 72, 84],
  [15, 30, 45, 60, 75, 90, 105]]]

#### DST_MEM (TEST_1, step = 0)

[[[1.00012, 1.50006, 2, 0, 0, 0, 0],
  [0, 0, 0, 0, 0, 0, 0],
  [0, 0, 0, 0, 0, 0, 0],
  [0, 0, 0, 0, 0, 0, 0],
  [0, 0, 0, 0, 0, 0, 0]]
 [[1.21132, 3, 4.78868, 0, 0, 0, 0],
  [0, 0, 0, 0, 0, 0, 0],
  [0, 0, 0, 0, 0, 0, 0],
  [0, 0, 0, 0, 0, 0, 0],
  [0, 0, 0, 0, 0, 0, 0]]
 [[1.55071, 5.22464, 0, 0, 0, 0, 0],
  [0, 0, 0, 0, 0, 0, 0],
  [0, 0, 0, 0, 0, 0, 0],
  [0, 0, 0, 0, 0, 0, 0],
  [0, 0, 0, 0, 0, 0, 0]]]

### TEST_1, step = 1

#### SRC_MEM (TEST_1, step = 1)

[[[1, 2, 3, 4, 5, 6, 7],
  [2, 4, 6, 8, 10, 12, 14],
  [3, 6, 9, 12, 15, 18, 21],
  [4, 8, 12, 16, 20, 24, 28],
  [5, 10, 15, 20, 25, 30, 35]]
 [[2, 4, 6, 8, 10, 12, 14],
  [4, 8, 12, 16, 20, 24, 28],
  [6, 12, 18, 24, 30, 36, 42],
  [8, 16, 24, 32, 40, 48, 56],
  [10, 20, 30, 40, 50, 60, 70]]
 [[3, 6, 9, 12, 15, 18, 21],
  [6, 12, 18, 24, 30, 36, 42],
  [9, 18, 27, 36, 45, 54, 63],
  [12, 24, 36, 48, 60, 72, 84],
  [15, 30, 45, 60, 75, 90, 105]]]

#### DST_MEM (TEST_1, step = 1)

[[[1.00012, 1.50006, 2, 2.49994, 2.99988, 3.49981, 0],
  [0, 0, 0, 0, 0, 0, 0],
  [0, 0, 0, 0, 0, 0, 0],
  [0, 0, 0, 0, 0, 0, 0],
  [0, 0, 0, 0, 0, 0, 0]]
 [[1.21132, 3, 4.78868, 6.57735, 8.36603, 0, 0],
  [0, 0, 0, 0, 0, 0, 0],
  [0, 0, 0, 0, 0, 0, 0],
  [0, 0, 0, 0, 0, 0, 0],
  [0, 0, 0, 0, 0, 0, 0]]
 [[1.55071, 5.22464, 8.89857, 12.5725, 16.2464, 0, 0],
  [0, 0, 0, 0, 0, 0, 0],
  [0, 0, 0, 0, 0, 0, 0],
  [0, 0, 0, 0, 0, 0, 0],
  [0, 0, 0, 0, 0, 0, 0]]]

### TEST_1, step = 2

#### SRC_MEM (TEST_1, step = 2)

[[[1, 2, 3, 4, 5, 6, 7],
  [2, 4, 6, 8, 10, 12, 14],
  [3, 6, 9, 12, 15, 18, 21],
  [4, 8, 12, 16, 20, 24, 28],
  [5, 10, 15, 20, 25, 30, 35]]
 [[2, 4, 6, 8, 10, 12, 14],
  [4, 8, 12, 16, 20, 24, 28],
  [6, 12, 18, 24, 30, 36, 42],
  [8, 16, 24, 32, 40, 48, 56],
  [10, 20, 30, 40, 50, 60, 70]]
 [[3, 6, 9, 12, 15, 18, 21],
  [6, 12, 18, 24, 30, 36, 42],
  [9, 18, 27, 36, 45, 54, 63],
  [12, 24, 36, 48, 60, 72, 84],
  [15, 30, 45, 60, 75, 90, 105]]]

#### DST_MEM (TEST_1, step = 2)

[[[1.00012, 1.50006, 2, 2.49994, 2.99988, 3.49981, 3.99975],
  [1.50006, 0, 0, 0, 0, 0, 0],
  [0, 0, 0, 0, 0, 0, 0],
  [0, 0, 0, 0, 0, 0, 0],
  [0, 0, 0, 0, 0, 0, 0]]
 [[1.21132, 3, 4.78868, 6.57735, 8.36603, 10.1547, 11.9434],
  [3, 0, 0, 0, 0, 0, 0],
  [0, 0, 0, 0, 0, 0, 0],
  [0, 0, 0, 0, 0, 0, 0],
  [0, 0, 0, 0, 0, 0, 0]]
 [[1.55071, 5.22464, 8.89857, 12.5725, 16.2464, 19.9204, 23.5943],
  [5.22464, 0, 0, 0, 0, 0, 0],
  [0, 0, 0, 0, 0, 0, 0],
  [0, 0, 0, 0, 0, 0, 0],
  [0, 0, 0, 0, 0, 0, 0]]]

### TEST_1, step = 3

#### SRC_MEM (TEST_1, step = 3)

[[[1, 2, 3, 4, 5, 6, 7],
  [2, 4, 6, 8, 10, 12, 14],
  [3, 6, 9, 12, 15, 18, 21],
  [4, 8, 12, 16, 20, 24, 28],
  [5, 10, 15, 20, 25, 30, 35]]
 [[2, 4, 6, 8, 10, 12, 14],
  [4, 8, 12, 16, 20, 24, 28],
  [6, 12, 18, 24, 30, 36, 42],
  [8, 16, 24, 32, 40, 48, 56],
  [10, 20, 30, 40, 50, 60, 70]]
 [[3, 6, 9, 12, 15, 18, 21],
  [6, 12, 18, 24, 30, 36, 42],
  [9, 18, 27, 36, 45, 54, 63],
  [12, 24, 36, 48, 60, 72, 84],
  [15, 30, 45, 60, 75, 90, 105]]]

#### DST_MEM (TEST_1, step = 3)

[[[1.00012, 1.50006, 2, 2.49994, 2.99988, 3.49981, 3.99975],
  [1.50006, 2.49994, 3.49981, 4.49969, 0, 0, 0],
  [0, 0, 0, 0, 0, 0, 0],
  [0, 0, 0, 0, 0, 0, 0],
  [0, 0, 0, 0, 0, 0, 0]]
 [[1.21132, 3, 4.78868, 6.57735, 8.36603, 10.1547, 11.9434],
  [3, 6.57735, 10.1547, 13.7321, 0, 0, 0],
  [0, 0, 0, 0, 0, 0, 0],
  [0, 0, 0, 0, 0, 0, 0],
  [0, 0, 0, 0, 0, 0, 0]]
 [[1.55071, 5.22464, 8.89857, 12.5725, 16.2464, 19.9204, 23.5943],
  [5.22464, 12.5725, 19.9204, 0, 0, 0, 0],
  [0, 0, 0, 0, 0, 0, 0],
  [0, 0, 0, 0, 0, 0, 0],
  [0, 0, 0, 0, 0, 0, 0]]]

### TEST_1, step = 4

#### SRC_MEM (TEST_1, step = 4)

[[[1, 2, 3, 4, 5, 6, 7],
  [2, 4, 6, 8, 10, 12, 14],
  [3, 6, 9, 12, 15, 18, 21],
  [4, 8, 12, 16, 20, 24, 28],
  [5, 10, 15, 20, 25, 30, 35]]
 [[2, 4, 6, 8, 10, 12, 14],
  [4, 8, 12, 16, 20, 24, 28],
  [6, 12, 18, 24, 30, 36, 42],
  [8, 16, 24, 32, 40, 48, 56],
  [10, 20, 30, 40, 50, 60, 70]]
 [[3, 6, 9, 12, 15, 18, 21],
  [6, 12, 18, 24, 30, 36, 42],
  [9, 18, 27, 36, 45, 54, 63],
  [12, 24, 36, 48, 60, 72, 84],
  [15, 30, 45, 60, 75, 90, 105]]]

#### DST_MEM (TEST_1, step = 4)

[[[1.00012, 1.50006, 2, 2.49994, 2.99988, 3.49981, 3.99975],
  [1.50006, 2.49994, 3.49981, 4.49969, 5.49956, 6.49944, 7.49931],
  [0, 0, 0, 0, 0, 0, 0],
  [0, 0, 0, 0, 0, 0, 0],
  [0, 0, 0, 0, 0, 0, 0]]
 [[1.21132, 3, 4.78868, 6.57735, 8.36603, 10.1547, 11.9434],
  [3, 6.57735, 10.1547, 13.7321, 17.3094, 20.8868, 0],
  [0, 0, 0, 0, 0, 0, 0],
  [0, 0, 0, 0, 0, 0, 0],
  [0, 0, 0, 0, 0, 0, 0]]
 [[1.55071, 5.22464, 8.89857, 12.5725, 16.2464, 19.9204, 23.5943],
  [5.22464, 12.5725, 19.9204, 27.2682, 34.6161, 41.9639, 0],
  [0, 0, 0, 0, 0, 0, 0],
  [0, 0, 0, 0, 0, 0, 0],
  [0, 0, 0, 0, 0, 0, 0]]]

### TEST_1, step = 5

#### SRC_MEM (TEST_1, step = 5)

[[[1, 2, 3, 4, 5, 6, 7],
  [2, 4, 6, 8, 10, 12, 14],
  [3, 6, 9, 12, 15, 18, 21],
  [4, 8, 12, 16, 20, 24, 28],
  [5, 10, 15, 20, 25, 30, 35]]
 [[2, 4, 6, 8, 10, 12, 14],
  [4, 8, 12, 16, 20, 24, 28],
  [6, 12, 18, 24, 30, 36, 42],
  [8, 16, 24, 32, 40, 48, 56],
  [10, 20, 30, 40, 50, 60, 70]]
 [[3, 6, 9, 12, 15, 18, 21],
  [6, 12, 18, 24, 30, 36, 42],
  [9, 18, 27, 36, 45, 54, 63],
  [12, 24, 36, 48, 60, 72, 84],
  [15, 30, 45, 60, 75, 90, 105]]]

#### DST_MEM (TEST_1, step = 5)

[[[1.00012, 1.50006, 2, 2.49994, 2.99988, 3.49981, 3.99975],
  [1.50006, 2.49994, 3.49981, 4.49969, 5.49956, 6.49944, 7.49931],
  [2, 3.49981, 0, 0, 0, 0, 0],
  [0, 0, 0, 0, 0, 0, 0],
  [0, 0, 0, 0, 0, 0, 0]]
 [[1.21132, 3, 4.78868, 6.57735, 8.36603, 10.1547, 11.9434],
  [3, 6.57735, 10.1547, 13.7321, 17.3094, 20.8868, 24.4641],
  [4.78868, 10.1547, 0, 0, 0, 0, 0],
  [0, 0, 0, 0, 0, 0, 0],
  [0, 0, 0, 0, 0, 0, 0]]
 [[1.55071, 5.22464, 8.89857, 12.5725, 16.2464, 19.9204, 23.5943],
  [5.22464, 12.5725, 19.9204, 27.2682, 34.6161, 41.9639, 49.3118],
  [8.89857, 19.9204, 0, 0, 0, 0, 0],
  [0, 0, 0, 0, 0, 0, 0],
  [0, 0, 0, 0, 0, 0, 0]]]

### TEST_1, step = 6

#### SRC_MEM (TEST_1, step = 6)

[[[1, 2, 3, 4, 5, 6, 7],
  [2, 4, 6, 8, 10, 12, 14],
  [3, 6, 9, 12, 15, 18, 21],
  [4, 8, 12, 16, 20, 24, 28],
  [5, 10, 15, 20, 25, 30, 35]]
 [[2, 4, 6, 8, 10, 12, 14],
  [4, 8, 12, 16, 20, 24, 28],
  [6, 12, 18, 24, 30, 36, 42],
  [8, 16, 24, 32, 40, 48, 56],
  [10, 20, 30, 40, 50, 60, 70]]
 [[3, 6, 9, 12, 15, 18, 21],
  [6, 12, 18, 24, 30, 36, 42],
  [9, 18, 27, 36, 45, 54, 63],
  [12, 24, 36, 48, 60, 72, 84],
  [15, 30, 45, 60, 75, 90, 105]]]

#### DST_MEM (TEST_1, step = 6)

[[[1.00012, 1.50006, 2, 2.49994, 2.99988, 3.49981, 3.99975],
  [1.50006, 2.49994, 3.49981, 4.49969, 5.49956, 6.49944, 7.49931],
  [2, 3.49981, 4.99963, 6.49944, 7.99925, 0, 0],
  [0, 0, 0, 0, 0, 0, 0],
  [0, 0, 0, 0, 0, 0, 0]]
 [[1.21132, 3, 4.78868, 6.57735, 8.36603, 10.1547, 11.9434],
  [3, 6.57735, 10.1547, 13.7321, 17.3094, 20.8868, 24.4641],
  [4.78868, 10.1547, 15.5207, 20.8868, 26.2528, 0, 0],
  [0, 0, 0, 0, 0, 0, 0],
  [0, 0, 0, 0, 0, 0, 0]]
 [[1.55071, 5.22464, 8.89857, 12.5725, 16.2464, 19.9204, 23.5943],
  [5.22464, 12.5725, 19.9204, 27.2682, 34.6161, 41.9639, 49.3118],
  [8.89857, 19.9204, 30.9421, 41.9639, 0, 0, 0],
  [0, 0, 0, 0, 0, 0, 0],
  [0, 0, 0, 0, 0, 0, 0]]]

### TEST_1, step = 7

#### SRC_MEM (TEST_1, step = 7)

[[[1, 2, 3, 4, 5, 6, 7],
  [2, 4, 6, 8, 10, 12, 14],
  [3, 6, 9, 12, 15, 18, 21],
  [4, 8, 12, 16, 20, 24, 28],
  [5, 10, 15, 20, 25, 30, 35]]
 [[2, 4, 6, 8, 10, 12, 14],
  [4, 8, 12, 16, 20, 24, 28],
  [6, 12, 18, 24, 30, 36, 42],
  [8, 16, 24, 32, 40, 48, 56],
  [10, 20, 30, 40, 50, 60, 70]]
 [[3, 6, 9, 12, 15, 18, 21],
  [6, 12, 18, 24, 30, 36, 42],
  [9, 18, 27, 36, 45, 54, 63],
  [12, 24, 36, 48, 60, 72, 84],
  [15, 30, 45, 60, 75, 90, 105]]]

#### DST_MEM (TEST_1, step = 7)

[[[1.00012, 1.50006, 2, 2.49994, 2.99988, 3.49981, 3.99975],
  [1.50006, 2.49994, 3.49981, 4.49969, 5.49956, 6.49944, 7.49931],
  [2, 3.49981, 4.99963, 6.49944, 7.99925, 9.49906, 10.9989],
  [2.49994, 0, 0, 0, 0, 0, 0],
  [0, 0, 0, 0, 0, 0, 0]]
 [[1.21132, 3, 4.78868, 6.57735, 8.36603, 10.1547, 11.9434],
  [3, 6.57735, 10.1547, 13.7321, 17.3094, 20.8868, 24.4641],
  [4.78868, 10.1547, 15.5207, 20.8868, 26.2528, 31.6188, 36.9848],
  [0, 0, 0, 0, 0, 0, 0],
  [0, 0, 0, 0, 0, 0, 0]]
 [[1.55071, 5.22464, 8.89857, 12.5725, 16.2464, 19.9204, 23.5943],
  [5.22464, 12.5725, 19.9204, 27.2682, 34.6161, 41.9639, 49.3118],
  [8.89857, 19.9204, 30.9421, 41.9639, 52.9857, 64.0075, 75.0293],
  [0, 0, 0, 0, 0, 0, 0],
  [0, 0, 0, 0, 0, 0, 0]]]

### TEST_1, step = 8

#### SRC_MEM (TEST_1, step = 8)

[[[1, 2, 3, 4, 5, 6, 7],
  [2, 4, 6, 8, 10, 12, 14],
  [3, 6, 9, 12, 15, 18, 21],
  [4, 8, 12, 16, 20, 24, 28],
  [5, 10, 15, 20, 25, 30, 35]]
 [[2, 4, 6, 8, 10, 12, 14],
  [4, 8, 12, 16, 20, 24, 28],
  [6, 12, 18, 24, 30, 36, 42],
  [8, 16, 24, 32, 40, 48, 56],
  [10, 20, 30, 40, 50, 60, 70]]
 [[3, 6, 9, 12, 15, 18, 21],
  [6, 12, 18, 24, 30, 36, 42],
  [9, 18, 27, 36, 45, 54, 63],
  [12, 24, 36, 48, 60, 72, 84],
  [15, 30, 45, 60, 75, 90, 105]]]

#### DST_MEM (TEST_1, step = 8)

[[[1.00012, 1.50006, 2, 2.49994, 2.99988, 3.49981, 3.99975],
  [1.50006, 2.49994, 3.49981, 4.49969, 5.49956, 6.49944, 7.49931],
  [2, 3.49981, 4.99963, 6.49944, 7.99925, 9.49906, 10.9989],
  [2.49994, 4.49969, 6.49944, 0, 0, 0, 0],
  [0, 0, 0, 0, 0, 0, 0]]
 [[1.21132, 3, 4.78868, 6.57735, 8.36603, 10.1547, 11.9434],
  [3, 6.57735, 10.1547, 13.7321, 17.3094, 20.8868, 24.4641],
  [4.78868, 10.1547, 15.5207, 20.8868, 26.2528, 31.6188, 36.9848],
  [6.57735, 13.7321, 20.8868, 0, 0, 0, 0],
  [0, 0, 0, 0, 0, 0, 0]]
 [[1.55071, 5.22464, 8.89857, 12.5725, 16.2464, 19.9204, 23.5943],
  [5.22464, 12.5725, 19.9204, 27.2682, 34.6161, 41.9639, 49.3118],
  [8.89857, 19.9204, 30.9421, 41.9639, 52.9857, 64.0075, 75.0293],
  [12.5725, 27.2682, 41.9639, 0, 0, 0, 0],
  [0, 0, 0, 0, 0, 0, 0]]]

### TEST_1, step = 9

#### SRC_MEM (TEST_1, step = 9)

[[[1, 2, 3, 4, 5, 6, 7],
  [2, 4, 6, 8, 10, 12, 14],
  [3, 6, 9, 12, 15, 18, 21],
  [4, 8, 12, 16, 20, 24, 28],
  [5, 10, 15, 20, 25, 30, 35]]
 [[2, 4, 6, 8, 10, 12, 14],
  [4, 8, 12, 16, 20, 24, 28],
  [6, 12, 18, 24, 30, 36, 42],
  [8, 16, 24, 32, 40, 48, 56],
  [10, 20, 30, 40, 50, 60, 70]]
 [[3, 6, 9, 12, 15, 18, 21],
  [6, 12, 18, 24, 30, 36, 42],
  [9, 18, 27, 36, 45, 54, 63],
  [12, 24, 36, 48, 60, 72, 84],
  [15, 30, 45, 60, 75, 90, 105]]]

#### DST_MEM (TEST_1, step = 9)

[[[1.00012, 1.50006, 2, 2.49994, 2.99988, 3.49981, 3.99975],
  [1.50006, 2.49994, 3.49981, 4.49969, 5.49956, 6.49944, 7.49931],
  [2, 3.49981, 4.99963, 6.49944, 7.99925, 9.49906, 10.9989],
  [2.49994, 4.49969, 6.49944, 8.49919, 10.4989, 12.4987, 0],
  [0, 0, 0, 0, 0, 0, 0]]
 [[1.21132, 3, 4.78868, 6.57735, 8.36603, 10.1547, 11.9434],
  [3, 6.57735, 10.1547, 13.7321, 17.3094, 20.8868, 24.4641],
  [4.78868, 10.1547, 15.5207, 20.8868, 26.2528, 31.6188, 36.9848],
  [6.57735, 13.7321, 20.8868, 28.0415, 35.1962, 42.3509, 0],
  [0, 0, 0, 0, 0, 0, 0]]
 [[1.55071, 5.22464, 8.89857, 12.5725, 16.2464, 19.9204, 23.5943],
  [5.22464, 12.5725, 19.9204, 27.2682, 34.6161, 41.9639, 49.3118],
  [8.89857, 19.9204, 30.9421, 41.9639, 52.9857, 64.0075, 75.0293],
  [12.5725, 27.2682, 41.9639, 56.6596, 71.3554, 0, 0],
  [0, 0, 0, 0, 0, 0, 0]]]

### TEST_1, step = 10

#### SRC_MEM (TEST_1, step = 10)

[[[1, 2, 3, 4, 5, 6, 7],
  [2, 4, 6, 8, 10, 12, 14],
  [3, 6, 9, 12, 15, 18, 21],
  [4, 8, 12, 16, 20, 24, 28],
  [5, 10, 15, 20, 25, 30, 35]]
 [[2, 4, 6, 8, 10, 12, 14],
  [4, 8, 12, 16, 20, 24, 28],
  [6, 12, 18, 24, 30, 36, 42],
  [8, 16, 24, 32, 40, 48, 56],
  [10, 20, 30, 40, 50, 60, 70]]
 [[3, 6, 9, 12, 15, 18, 21],
  [6, 12, 18, 24, 30, 36, 42],
  [9, 18, 27, 36, 45, 54, 63],
  [12, 24, 36, 48, 60, 72, 84],
  [15, 30, 45, 60, 75, 90, 105]]]

#### DST_MEM (TEST_1, step = 10)

[[[1.00012, 1.50006, 2, 2.49994, 2.99988, 3.49981, 3.99975],
  [1.50006, 2.49994, 3.49981, 4.49969, 5.49956, 6.49944, 7.49931],
  [2, 3.49981, 4.99963, 6.49944, 7.99925, 9.49906, 10.9989],
  [2.49994, 4.49969, 6.49944, 8.49919, 10.4989, 12.4987, 14.4984],
  [2.99988, 5.49956, 0, 0, 0, 0, 0]]
 [[1.21132, 3, 4.78868, 6.57735, 8.36603, 10.1547, 11.9434],
  [3, 6.57735, 10.1547, 13.7321, 17.3094, 20.8868, 24.4641],
  [4.78868, 10.1547, 15.5207, 20.8868, 26.2528, 31.6188, 36.9848],
  [6.57735, 13.7321, 20.8868, 28.0415, 35.1962, 42.3509, 49.5056],
  [8.36603, 0, 0, 0, 0, 0, 0]]
 [[1.55071, 5.22464, 8.89857, 12.5725, 16.2464, 19.9204, 23.5943],
  [5.22464, 12.5725, 19.9204, 27.2682, 34.6161, 41.9639, 49.3118],
  [8.89857, 19.9204, 30.9421, 41.9639, 52.9857, 64.0075, 75.0293],
  [12.5725, 27.2682, 41.9639, 56.6596, 71.3554, 86.0511, 100.747],
  [16.2464, 0, 0, 0, 0, 0, 0]]]

### TEST_1, step = 11

#### SRC_MEM (TEST_1, step = 11)

[[[1, 2, 3, 4, 5, 6, 7],
  [2, 4, 6, 8, 10, 12, 14],
  [3, 6, 9, 12, 15, 18, 21],
  [4, 8, 12, 16, 20, 24, 28],
  [5, 10, 15, 20, 25, 30, 35]]
 [[2, 4, 6, 8, 10, 12, 14],
  [4, 8, 12, 16, 20, 24, 28],
  [6, 12, 18, 24, 30, 36, 42],
  [8, 16, 24, 32, 40, 48, 56],
  [10, 20, 30, 40, 50, 60, 70]]
 [[3, 6, 9, 12, 15, 18, 21],
  [6, 12, 18, 24, 30, 36, 42],
  [9, 18, 27, 36, 45, 54, 63],
  [12, 24, 36, 48, 60, 72, 84],
  [15, 30, 45, 60, 75, 90, 105]]]

#### DST_MEM (TEST_1, step = 11)

[[[1.00012, 1.50006, 2, 2.49994, 2.99988, 3.49981, 3.99975],
  [1.50006, 2.49994, 3.49981, 4.49969, 5.49956, 6.49944, 7.49931],
  [2, 3.49981, 4.99963, 6.49944, 7.99925, 9.49906, 10.9989],
  [2.49994, 4.49969, 6.49944, 8.49919, 10.4989, 12.4987, 14.4984],
  [2.99988, 5.49956, 7.99925, 10.4989, 0, 0, 0]]
 [[1.21132, 3, 4.78868, 6.57735, 8.36603, 10.1547, 11.9434],
  [3, 6.57735, 10.1547, 13.7321, 17.3094, 20.8868, 24.4641],
  [4.78868, 10.1547, 15.5207, 20.8868, 26.2528, 31.6188, 36.9848],
  [6.57735, 13.7321, 20.8868, 28.0415, 35.1962, 42.3509, 49.5056],
  [8.36603, 17.3094, 26.2528, 35.1962, 0, 0, 0]]
 [[1.55071, 5.22464, 8.89857, 12.5725, 16.2464, 19.9204, 23.5943],
  [5.22464, 12.5725, 19.9204, 27.2682, 34.6161, 41.9639, 49.3118],
  [8.89857, 19.9204, 30.9421, 41.9639, 52.9857, 64.0075, 75.0293],
  [12.5725, 27.2682, 41.9639, 56.6596, 71.3554, 86.0511, 100.747],
  [16.2464, 34.6161, 52.9857, 71.3554, 0, 0, 0]]]

### TEST_1, step = 12

#### SRC_MEM (TEST_1, step = 12)

[[[1, 2, 3, 4, 5, 6, 7],
  [2, 4, 6, 8, 10, 12, 14],
  [3, 6, 9, 12, 15, 18, 21],
  [4, 8, 12, 16, 20, 24, 28],
  [5, 10, 15, 20, 25, 30, 35]]
 [[2, 4, 6, 8, 10, 12, 14],
  [4, 8, 12, 16, 20, 24, 28],
  [6, 12, 18, 24, 30, 36, 42],
  [8, 16, 24, 32, 40, 48, 56],
  [10, 20, 30, 40, 50, 60, 70]]
 [[3, 6, 9, 12, 15, 18, 21],
  [6, 12, 18, 24, 30, 36, 42],
  [9, 18, 27, 36, 45, 54, 63],
  [12, 24, 36, 48, 60, 72, 84],
  [15, 30, 45, 60, 75, 90, 105]]]

#### DST_MEM (TEST_1, step = 12)

[[[1.00012, 1.50006, 2, 2.49994, 2.99988, 3.49981, 3.99975],
  [1.50006, 2.49994, 3.49981, 4.49969, 5.49956, 6.49944, 7.49931],
  [2, 3.49981, 4.99963, 6.49944, 7.99925, 9.49906, 10.9989],
  [2.49994, 4.49969, 6.49944, 8.49919, 10.4989, 12.4987, 14.4984],
  [2.99988, 5.49956, 7.99925, 10.4989, 12.9986, 15.4983, 17.998]]
 [[1.21132, 3, 4.78868, 6.57735, 8.36603, 10.1547, 11.9434],
  [3, 6.57735, 10.1547, 13.7321, 17.3094, 20.8868, 24.4641],
  [4.78868, 10.1547, 15.5207, 20.8868, 26.2528, 31.6188, 36.9848],
  [6.57735, 13.7321, 20.8868, 28.0415, 35.1962, 42.3509, 49.5056],
  [8.36603, 17.3094, 26.2528, 35.1962, 44.1395, 53.0829, 62.0263]]
 [[1.55071, 5.22464, 8.89857, 12.5725, 16.2464, 19.9204, 23.5943],
  [5.22464, 12.5725, 19.9204, 27.2682, 34.6161, 41.9639, 49.3118],
  [8.89857, 19.9204, 30.9421, 41.9639, 52.9857, 64.0075, 75.0293],
  [12.5725, 27.2682, 41.9639, 56.6596, 71.3554, 86.0511, 100.747],
  [16.2464, 34.6161, 52.9857, 71.3554, 89.725, 108.095, 0]]]

### TEST_1, step = 13

#### SRC_MEM (TEST_1, step = 13)

[[[1, 2, 3, 4, 5, 6, 7],
  [2, 4, 6, 8, 10, 12, 14],
  [3, 6, 9, 12, 15, 18, 21],
  [4, 8, 12, 16, 20, 24, 28],
  [5, 10, 15, 20, 25, 30, 35]]
 [[2, 4, 6, 8, 10, 12, 14],
  [4, 8, 12, 16, 20, 24, 28],
  [6, 12, 18, 24, 30, 36, 42],
  [8, 16, 24, 32, 40, 48, 56],
  [10, 20, 30, 40, 50, 60, 70]]
 [[3, 6, 9, 12, 15, 18, 21],
  [6, 12, 18, 24, 30, 36, 42],
  [9, 18, 27, 36, 45, 54, 63],
  [12, 24, 36, 48, 60, 72, 84],
  [15, 30, 45, 60, 75, 90, 105]]]

#### DST_MEM (TEST_1, step = 13)

[[[1.00012, 1.50006, 2, 2.49994, 2.99988, 3.49981, 3.99975],
  [1.50006, 2.49994, 3.49981, 4.49969, 5.49956, 6.49944, 7.49931],
  [2, 3.49981, 4.99963, 6.49944, 7.99925, 9.49906, 10.9989],
  [2.49994, 4.49969, 6.49944, 8.49919, 10.4989, 12.4987, 14.4984],
  [2.99988, 5.49956, 7.99925, 10.4989, 12.9986, 15.4983, 17.998]]
 [[1.21132, 3, 4.78868, 6.57735, 8.36603, 10.1547, 11.9434],
  [3, 6.57735, 10.1547, 13.7321, 17.3094, 20.8868, 24.4641],
  [4.78868, 10.1547, 15.5207, 20.8868, 26.2528, 31.6188, 36.9848],
  [6.57735, 13.7321, 20.8868, 28.0415, 35.1962, 42.3509, 49.5056],
  [8.36603, 17.3094, 26.2528, 35.1962, 44.1395, 53.0829, 62.0263]]
 [[1.55071, 5.22464, 8.89857, 12.5725, 16.2464, 19.9204, 23.5943],
  [5.22464, 12.5725, 19.9204, 27.2682, 34.6161, 41.9639, 49.3118],
  [8.89857, 19.9204, 30.9421, 41.9639, 52.9857, 64.0075, 75.0293],
  [12.5725, 27.2682, 41.9639, 56.6596, 71.3554, 86.0511, 100.747],
  [16.2464, 34.6161, 52.9857, 71.3554, 89.725, 108.095, 126.464]]]

