# ADD_TEST

## TEST_0 (reset)

### TEST_0, step = -1

#### SRC_MEM (TEST_0, step = -1)

[[[-51, -50, -49, -48, -47],
  [-50, -48, -46, -44, -42],
  [-49, -46, -43, -40, -37],
  [-48, -44, -40, -36, -32],
  [-47, -42, -37, -32, -27],
  [-46, -40, -34, -28, -22],
  [-45, -38, -31, -24, -17]]
 [[-50, -48, -46, -44, -42],
  [-48, -44, -40, -36, -32],
  [-46, -40, -34, -28, -22],
  [-44, -36, -28, -20, -12],
  [-42, -32, -22, -12, -2],
  [-40, -28, -16, -4, 8],
  [-38, -24, -10, 4, 18]]
 [[-49, -46, -43, -40, -37],
  [-46, -40, -34, -28, -22],
  [-43, -34, -25, -16, -7],
  [-40, -28, -16, -4, 8],
  [-37, -22, -7, 8, 23],
  [-34, -16, 2, 20, 38],
  [-31, -10, 11, 32, 53]]]

#### DST_MEM (TEST_0, step = -1)

[[[0, 0, 0, 0, 0],
  [0, 0, 0, 0, 0],
  [0, 0, 0, 0, 0],
  [0, 0, 0, 0, 0],
  [0, 0, 0, 0, 0],
  [0, 0, 0, 0, 0],
  [0, 0, 0, 0, 0]]
 [[0, 0, 0, 0, 0],
  [0, 0, 0, 0, 0],
  [0, 0, 0, 0, 0],
  [0, 0, 0, 0, 0],
  [0, 0, 0, 0, 0],
  [0, 0, 0, 0, 0],
  [0, 0, 0, 0, 0]]
 [[0, 0, 0, 0, 0],
  [0, 0, 0, 0, 0],
  [0, 0, 0, 0, 0],
  [0, 0, 0, 0, 0],
  [0, 0, 0, 0, 0],
  [0, 0, 0, 0, 0],
  [0, 0, 0, 0, 0]]]

## TEST_1 (run)

### TEST_1, step = 0

#### SRC_MEM (TEST_1, step = 0)

[[[-51, -50, -49, -48, -47],
  [-50, -48, -46, -44, -42],
  [-49, -46, -43, -40, -37],
  [-48, -44, -40, -36, -32],
  [-47, -42, -37, -32, -27],
  [-46, -40, -34, -28, -22],
  [-45, -38, -31, -24, -17]]
 [[-50, -48, -46, -44, -42],
  [-48, -44, -40, -36, -32],
  [-46, -40, -34, -28, -22],
  [-44, -36, -28, -20, -12],
  [-42, -32, -22, -12, -2],
  [-40, -28, -16, -4, 8],
  [-38, -24, -10, 4, 18]]
 [[-49, -46, -43, -40, -37],
  [-46, -40, -34, -28, -22],
  [-43, -34, -25, -16, -7],
  [-40, -28, -16, -4, 8],
  [-37, -22, -7, 8, 23],
  [-34, -16, 2, 20, 38],
  [-31, -10, 11, 32, 53]]]

#### DST_MEM (TEST_1, step = 0)

[[[-102, -100, -98, 0, 0],
  [0, 0, 0, 0, 0],
  [0, 0, 0, 0, 0],
  [0, 0, 0, 0, 0],
  [0, 0, 0, 0, 0],
  [0, 0, 0, 0, 0],
  [0, 0, 0, 0, 0]]
 [[-100, -96, -92, 0, 0],
  [0, 0, 0, 0, 0],
  [0, 0, 0, 0, 0],
  [0, 0, 0, 0, 0],
  [0, 0, 0, 0, 0],
  [0, 0, 0, 0, 0],
  [0, 0, 0, 0, 0]]
 [[-98, -92, 0, 0, 0],
  [0, 0, 0, 0, 0],
  [0, 0, 0, 0, 0],
  [0, 0, 0, 0, 0],
  [0, 0, 0, 0, 0],
  [0, 0, 0, 0, 0],
  [0, 0, 0, 0, 0]]]

### TEST_1, step = 1

#### SRC_MEM (TEST_1, step = 1)

[[[-51, -50, -49, -48, -47],
  [-50, -48, -46, -44, -42],
  [-49, -46, -43, -40, -37],
  [-48, -44, -40, -36, -32],
  [-47, -42, -37, -32, -27],
  [-46, -40, -34, -28, -22],
  [-45, -38, -31, -24, -17]]
 [[-50, -48, -46, -44, -42],
  [-48, -44, -40, -36, -32],
  [-46, -40, -34, -28, -22],
  [-44, -36, -28, -20, -12],
  [-42, -32, -22, -12, -2],
  [-40, -28, -16, -4, 8],
  [-38, -24, -10, 4, 18]]
 [[-49, -46, -43, -40, -37],
  [-46, -40, -34, -28, -22],
  [-43, -34, -25, -16, -7],
  [-40, -28, -16, -4, 8],
  [-37, -22, -7, 8, 23],
  [-34, -16, 2, 20, 38],
  [-31, -10, 11, 32, 53]]]

#### DST_MEM (TEST_1, step = 1)

[[[-102, -100, -98, -96, -94],
  [-100, 0, 0, 0, 0],
  [0, 0, 0, 0, 0],
  [0, 0, 0, 0, 0],
  [0, 0, 0, 0, 0],
  [0, 0, 0, 0, 0],
  [0, 0, 0, 0, 0]]
 [[-100, -96, -92, -88, -84],
  [0, 0, 0, 0, 0],
  [0, 0, 0, 0, 0],
  [0, 0, 0, 0, 0],
  [0, 0, 0, 0, 0],
  [0, 0, 0, 0, 0],
  [0, 0, 0, 0, 0]]
 [[-98, -92, -86, -80, -74],
  [0, 0, 0, 0, 0],
  [0, 0, 0, 0, 0],
  [0, 0, 0, 0, 0],
  [0, 0, 0, 0, 0],
  [0, 0, 0, 0, 0],
  [0, 0, 0, 0, 0]]]

### TEST_1, step = 2

#### SRC_MEM (TEST_1, step = 2)

[[[-51, -50, -49, -48, -47],
  [-50, -48, -46, -44, -42],
  [-49, -46, -43, -40, -37],
  [-48, -44, -40, -36, -32],
  [-47, -42, -37, -32, -27],
  [-46, -40, -34, -28, -22],
  [-45, -38, -31, -24, -17]]
 [[-50, -48, -46, -44, -42],
  [-48, -44, -40, -36, -32],
  [-46, -40, -34, -28, -22],
  [-44, -36, -28, -20, -12],
  [-42, -32, -22, -12, -2],
  [-40, -28, -16, -4, 8],
  [-38, -24, -10, 4, 18]]
 [[-49, -46, -43, -40, -37],
  [-46, -40, -34, -28, -22],
  [-43, -34, -25, -16, -7],
  [-40, -28, -16, -4, 8],
  [-37, -22, -7, 8, 23],
  [-34, -16, 2, 20, 38],
  [-31, -10, 11, 32, 53]]]

#### DST_MEM (TEST_1, step = 2)

[[[-102, -100, -98, -96, -94],
  [-100, -96, -92, 0, 0],
  [0, 0, 0, 0, 0],
  [0, 0, 0, 0, 0],
  [0, 0, 0, 0, 0],
  [0, 0, 0, 0, 0],
  [0, 0, 0, 0, 0]]
 [[-100, -96, -92, -88, -84],
  [-96, -88, -80, 0, 0],
  [0, 0, 0, 0, 0],
  [0, 0, 0, 0, 0],
  [0, 0, 0, 0, 0],
  [0, 0, 0, 0, 0],
  [0, 0, 0, 0, 0]]
 [[-98, -92, -86, -80, -74],
  [-92, -80, -68, 0, 0],
  [0, 0, 0, 0, 0],
  [0, 0, 0, 0, 0],
  [0, 0, 0, 0, 0],
  [0, 0, 0, 0, 0],
  [0, 0, 0, 0, 0]]]

### TEST_1, step = 3

#### SRC_MEM (TEST_1, step = 3)

[[[-51, -50, -49, -48, -47],
  [-50, -48, -46, -44, -42],
  [-49, -46, -43, -40, -37],
  [-48, -44, -40, -36, -32],
  [-47, -42, -37, -32, -27],
  [-46, -40, -34, -28, -22],
  [-45, -38, -31, -24, -17]]
 [[-50, -48, -46, -44, -42],
  [-48, -44, -40, -36, -32],
  [-46, -40, -34, -28, -22],
  [-44, -36, -28, -20, -12],
  [-42, -32, -22, -12, -2],
  [-40, -28, -16, -4, 8],
  [-38, -24, -10, 4, 18]]
 [[-49, -46, -43, -40, -37],
  [-46, -40, -34, -28, -22],
  [-43, -34, -25, -16, -7],
  [-40, -28, -16, -4, 8],
  [-37, -22, -7, 8, 23],
  [-34, -16, 2, 20, 38],
  [-31, -10, 11, 32, 53]]]

#### DST_MEM (TEST_1, step = 3)

[[[-102, -100, -98, -96, -94],
  [-100, -96, -92, -88, -84],
  [-98, 0, 0, 0, 0],
  [0, 0, 0, 0, 0],
  [0, 0, 0, 0, 0],
  [0, 0, 0, 0, 0],
  [0, 0, 0, 0, 0]]
 [[-100, -96, -92, -88, -84],
  [-96, -88, -80, -72, -64],
  [-92, 0, 0, 0, 0],
  [0, 0, 0, 0, 0],
  [0, 0, 0, 0, 0],
  [0, 0, 0, 0, 0],
  [0, 0, 0, 0, 0]]
 [[-98, -92, -86, -80, -74],
  [-92, -80, -68, -56, -44],
  [0, 0, 0, 0, 0],
  [0, 0, 0, 0, 0],
  [0, 0, 0, 0, 0],
  [0, 0, 0, 0, 0],
  [0, 0, 0, 0, 0]]]

### TEST_1, step = 4

#### SRC_MEM (TEST_1, step = 4)

[[[-51, -50, -49, -48, -47],
  [-50, -48, -46, -44, -42],
  [-49, -46, -43, -40, -37],
  [-48, -44, -40, -36, -32],
  [-47, -42, -37, -32, -27],
  [-46, -40, -34, -28, -22],
  [-45, -38, -31, -24, -17]]
 [[-50, -48, -46, -44, -42],
  [-48, -44, -40, -36, -32],
  [-46, -40, -34, -28, -22],
  [-44, -36, -28, -20, -12],
  [-42, -32, -22, -12, -2],
  [-40, -28, -16, -4, 8],
  [-38, -24, -10, 4, 18]]
 [[-49, -46, -43, -40, -37],
  [-46, -40, -34, -28, -22],
  [-43, -34, -25, -16, -7],
  [-40, -28, -16, -4, 8],
  [-37, -22, -7, 8, 23],
  [-34, -16, 2, 20, 38],
  [-31, -10, 11, 32, 53]]]

#### DST_MEM (TEST_1, step = 4)

[[[-102, -100, -98, -96, -94],
  [-100, -96, -92, -88, -84],
  [-98, -92, -86, -80, 0],
  [0, 0, 0, 0, 0],
  [0, 0, 0, 0, 0],
  [0, 0, 0, 0, 0],
  [0, 0, 0, 0, 0]]
 [[-100, -96, -92, -88, -84],
  [-96, -88, -80, -72, -64],
  [-92, -80, -68, 0, 0],
  [0, 0, 0, 0, 0],
  [0, 0, 0, 0, 0],
  [0, 0, 0, 0, 0],
  [0, 0, 0, 0, 0]]
 [[-98, -92, -86, -80, -74],
  [-92, -80, -68, -56, -44],
  [-86, -68, -50, 0, 0],
  [0, 0, 0, 0, 0],
  [0, 0, 0, 0, 0],
  [0, 0, 0, 0, 0],
  [0, 0, 0, 0, 0]]]

### TEST_1, step = 5

#### SRC_MEM (TEST_1, step = 5)

[[[-51, -50, -49, -48, -47],
  [-50, -48, -46, -44, -42],
  [-49, -46, -43, -40, -37],
  [-48, -44, -40, -36, -32],
  [-47, -42, -37, -32, -27],
  [-46, -40, -34, -28, -22],
  [-45, -38, -31, -24, -17]]
 [[-50, -48, -46, -44, -42],
  [-48, -44, -40, -36, -32],
  [-46, -40, -34, -28, -22],
  [-44, -36, -28, -20, -12],
  [-42, -32, -22, -12, -2],
  [-40, -28, -16, -4, 8],
  [-38, -24, -10, 4, 18]]
 [[-49, -46, -43, -40, -37],
  [-46, -40, -34, -28, -22],
  [-43, -34, -25, -16, -7],
  [-40, -28, -16, -4, 8],
  [-37, -22, -7, 8, 23],
  [-34, -16, 2, 20, 38],
  [-31, -10, 11, 32, 53]]]

#### DST_MEM (TEST_1, step = 5)

[[[-102, -100, -98, -96, -94],
  [-100, -96, -92, -88, -84],
  [-98, -92, -86, -80, -74],
  [-96, 0, 0, 0, 0],
  [0, 0, 0, 0, 0],
  [0, 0, 0, 0, 0],
  [0, 0, 0, 0, 0]]
 [[-100, -96, -92, -88, -84],
  [-96, -88, -80, -72, -64],
  [-92, -80, -68, -56, -44],
  [-88, 0, 0, 0, 0],
  [0, 0, 0, 0, 0],
  [0, 0, 0, 0, 0],
  [0, 0, 0, 0, 0]]
 [[-98, -92, -86, -80, -74],
  [-92, -80, -68, -56, -44],
  [-86, -68, -50, -32, -14],
  [-80, 0, 0, 0, 0],
  [0, 0, 0, 0, 0],
  [0, 0, 0, 0, 0],
  [0, 0, 0, 0, 0]]]

### TEST_1, step = 6

#### SRC_MEM (TEST_1, step = 6)

[[[-51, -50, -49, -48, -47],
  [-50, -48, -46, -44, -42],
  [-49, -46, -43, -40, -37],
  [-48, -44, -40, -36, -32],
  [-47, -42, -37, -32, -27],
  [-46, -40, -34, -28, -22],
  [-45, -38, -31, -24, -17]]
 [[-50, -48, -46, -44, -42],
  [-48, -44, -40, -36, -32],
  [-46, -40, -34, -28, -22],
  [-44, -36, -28, -20, -12],
  [-42, -32, -22, -12, -2],
  [-40, -28, -16, -4, 8],
  [-38, -24, -10, 4, 18]]
 [[-49, -46, -43, -40, -37],
  [-46, -40, -34, -28, -22],
  [-43, -34, -25, -16, -7],
  [-40, -28, -16, -4, 8],
  [-37, -22, -7, 8, 23],
  [-34, -16, 2, 20, 38],
  [-31, -10, 11, 32, 53]]]

#### DST_MEM (TEST_1, step = 6)

[[[-102, -100, -98, -96, -94],
  [-100, -96, -92, -88, -84],
  [-98, -92, -86, -80, -74],
  [-96, -88, -80, -72, 0],
  [0, 0, 0, 0, 0],
  [0, 0, 0, 0, 0],
  [0, 0, 0, 0, 0]]
 [[-100, -96, -92, -88, -84],
  [-96, -88, -80, -72, -64],
  [-92, -80, -68, -56, -44],
  [-88, -72, -56, -40, 0],
  [0, 0, 0, 0, 0],
  [0, 0, 0, 0, 0],
  [0, 0, 0, 0, 0]]
 [[-98, -92, -86, -80, -74],
  [-92, -80, -68, -56, -44],
  [-86, -68, -50, -32, -14],
  [-80, -56, -32, 0, 0],
  [0, 0, 0, 0, 0],
  [0, 0, 0, 0, 0],
  [0, 0, 0, 0, 0]]]

### TEST_1, step = 7

#### SRC_MEM (TEST_1, step = 7)

[[[-51, -50, -49, -48, -47],
  [-50, -48, -46, -44, -42],
  [-49, -46, -43, -40, -37],
  [-48, -44, -40, -36, -32],
  [-47, -42, -37, -32, -27],
  [-46, -40, -34, -28, -22],
  [-45, -38, -31, -24, -17]]
 [[-50, -48, -46, -44, -42],
  [-48, -44, -40, -36, -32],
  [-46, -40, -34, -28, -22],
  [-44, -36, -28, -20, -12],
  [-42, -32, -22, -12, -2],
  [-40, -28, -16, -4, 8],
  [-38, -24, -10, 4, 18]]
 [[-49, -46, -43, -40, -37],
  [-46, -40, -34, -28, -22],
  [-43, -34, -25, -16, -7],
  [-40, -28, -16, -4, 8],
  [-37, -22, -7, 8, 23],
  [-34, -16, 2, 20, 38],
  [-31, -10, 11, 32, 53]]]

#### DST_MEM (TEST_1, step = 7)

[[[-102, -100, -98, -96, -94],
  [-100, -96, -92, -88, -84],
  [-98, -92, -86, -80, -74],
  [-96, -88, -80, -72, -64],
  [-94, -84, 0, 0, 0],
  [0, 0, 0, 0, 0],
  [0, 0, 0, 0, 0]]
 [[-100, -96, -92, -88, -84],
  [-96, -88, -80, -72, -64],
  [-92, -80, -68, -56, -44],
  [-88, -72, -56, -40, -24],
  [-84, 0, 0, 0, 0],
  [0, 0, 0, 0, 0],
  [0, 0, 0, 0, 0]]
 [[-98, -92, -86, -80, -74],
  [-92, -80, -68, -56, -44],
  [-86, -68, -50, -32, -14],
  [-80, -56, -32, -8, 16],
  [-74, 0, 0, 0, 0],
  [0, 0, 0, 0, 0],
  [0, 0, 0, 0, 0]]]

### TEST_1, step = 8

#### SRC_MEM (TEST_1, step = 8)

[[[-51, -50, -49, -48, -47],
  [-50, -48, -46, -44, -42],
  [-49, -46, -43, -40, -37],
  [-48, -44, -40, -36, -32],
  [-47, -42, -37, -32, -27],
  [-46, -40, -34, -28, -22],
  [-45, -38, -31, -24, -17]]
 [[-50, -48, -46, -44, -42],
  [-48, -44, -40, -36, -32],
  [-46, -40, -34, -28, -22],
  [-44, -36, -28, -20, -12],
  [-42, -32, -22, -12, -2],
  [-40, -28, -16, -4, 8],
  [-38, -24, -10, 4, 18]]
 [[-49, -46, -43, -40, -37],
  [-46, -40, -34, -28, -22],
  [-43, -34, -25, -16, -7],
  [-40, -28, -16, -4, 8],
  [-37, -22, -7, 8, 23],
  [-34, -16, 2, 20, 38],
  [-31, -10, 11, 32, 53]]]

#### DST_MEM (TEST_1, step = 8)

[[[-102, -100, -98, -96, -94],
  [-100, -96, -92, -88, -84],
  [-98, -92, -86, -80, -74],
  [-96, -88, -80, -72, -64],
  [-94, -84, -74, -64, 0],
  [0, 0, 0, 0, 0],
  [0, 0, 0, 0, 0]]
 [[-100, -96, -92, -88, -84],
  [-96, -88, -80, -72, -64],
  [-92, -80, -68, -56, -44],
  [-88, -72, -56, -40, -24],
  [-84, -64, -44, -24, 0],
  [0, 0, 0, 0, 0],
  [0, 0, 0, 0, 0]]
 [[-98, -92, -86, -80, -74],
  [-92, -80, -68, -56, -44],
  [-86, -68, -50, -32, -14],
  [-80, -56, -32, -8, 16],
  [-74, -44, -14, 16, 0],
  [0, 0, 0, 0, 0],
  [0, 0, 0, 0, 0]]]

### TEST_1, step = 9

#### SRC_MEM (TEST_1, step = 9)

[[[-51, -50, -49, -48, -47],
  [-50, -48, -46, -44, -42],
  [-49, -46, -43, -40, -37],
  [-48, -44, -40, -36, -32],
  [-47, -42, -37, -32, -27],
  [-46, -40, -34, -28, -22],
  [-45, -38, -31, -24, -17]]
 [[-50, -48, -46, -44, -42],
  [-48, -44, -40, -36, -32],
  [-46, -40, -34, -28, -22],
  [-44, -36, -28, -20, -12],
  [-42, -32, -22, -12, -2],
  [-40, -28, -16, -4, 8],
  [-38, -24, -10, 4, 18]]
 [[-49, -46, -43, -40, -37],
  [-46, -40, -34, -28, -22],
  [-43, -34, -25, -16, -7],
  [-40, -28, -16, -4, 8],
  [-37, -22, -7, 8, 23],
  [-34, -16, 2, 20, 38],
  [-31, -10, 11, 32, 53]]]

#### DST_MEM (TEST_1, step = 9)

[[[-102, -100, -98, -96, -94],
  [-100, -96, -92, -88, -84],
  [-98, -92, -86, -80, -74],
  [-96, -88, -80, -72, -64],
  [-94, -84, -74, -64, -54],
  [-92, -80, 0, 0, 0],
  [0, 0, 0, 0, 0]]
 [[-100, -96, -92, -88, -84],
  [-96, -88, -80, -72, -64],
  [-92, -80, -68, -56, -44],
  [-88, -72, -56, -40, -24],
  [-84, -64, -44, -24, -4],
  [-80, -56, 0, 0, 0],
  [0, 0, 0, 0, 0]]
 [[-98, -92, -86, -80, -74],
  [-92, -80, -68, -56, -44],
  [-86, -68, -50, -32, -14],
  [-80, -56, -32, -8, 16],
  [-74, -44, -14, 16, 46],
  [-68, 0, 0, 0, 0],
  [0, 0, 0, 0, 0]]]

### TEST_1, step = 10

#### SRC_MEM (TEST_1, step = 10)

[[[-51, -50, -49, -48, -47],
  [-50, -48, -46, -44, -42],
  [-49, -46, -43, -40, -37],
  [-48, -44, -40, -36, -32],
  [-47, -42, -37, -32, -27],
  [-46, -40, -34, -28, -22],
  [-45, -38, -31, -24, -17]]
 [[-50, -48, -46, -44, -42],
  [-48, -44, -40, -36, -32],
  [-46, -40, -34, -28, -22],
  [-44, -36, -28, -20, -12],
  [-42, -32, -22, -12, -2],
  [-40, -28, -16, -4, 8],
  [-38, -24, -10, 4, 18]]
 [[-49, -46, -43, -40, -37],
  [-46, -40, -34, -28, -22],
  [-43, -34, -25, -16, -7],
  [-40, -28, -16, -4, 8],
  [-37, -22, -7, 8, 23],
  [-34, -16, 2, 20, 38],
  [-31, -10, 11, 32, 53]]]

#### DST_MEM (TEST_1, step = 10)

[[[-102, -100, -98, -96, -94],
  [-100, -96, -92, -88, -84],
  [-98, -92, -86, -80, -74],
  [-96, -88, -80, -72, -64],
  [-94, -84, -74, -64, -54],
  [-92, -80, -68, -56, -44],
  [0, 0, 0, 0, 0]]
 [[-100, -96, -92, -88, -84],
  [-96, -88, -80, -72, -64],
  [-92, -80, -68, -56, -44],
  [-88, -72, -56, -40, -24],
  [-84, -64, -44, -24, -4],
  [-80, -56, -32, -8, 0],
  [0, 0, 0, 0, 0]]
 [[-98, -92, -86, -80, -74],
  [-92, -80, -68, -56, -44],
  [-86, -68, -50, -32, -14],
  [-80, -56, -32, -8, 16],
  [-74, -44, -14, 16, 46],
  [-68, -32, 4, 40, 0],
  [0, 0, 0, 0, 0]]]

### TEST_1, step = 11

#### SRC_MEM (TEST_1, step = 11)

[[[-51, -50, -49, -48, -47],
  [-50, -48, -46, -44, -42],
  [-49, -46, -43, -40, -37],
  [-48, -44, -40, -36, -32],
  [-47, -42, -37, -32, -27],
  [-46, -40, -34, -28, -22],
  [-45, -38, -31, -24, -17]]
 [[-50, -48, -46, -44, -42],
  [-48, -44, -40, -36, -32],
  [-46, -40, -34, -28, -22],
  [-44, -36, -28, -20, -12],
  [-42, -32, -22, -12, -2],
  [-40, -28, -16, -4, 8],
  [-38, -24, -10, 4, 18]]
 [[-49, -46, -43, -40, -37],
  [-46, -40, -34, -28, -22],
  [-43, -34, -25, -16, -7],
  [-40, -28, -16, -4, 8],
  [-37, -22, -7, 8, 23],
  [-34, -16, 2, 20, 38],
  [-31, -10, 11, 32, 53]]]

#### DST_MEM (TEST_1, step = 11)

[[[-102, -100, -98, -96, -94],
  [-100, -96, -92, -88, -84],
  [-98, -92, -86, -80, -74],
  [-96, -88, -80, -72, -64],
  [-94, -84, -74, -64, -54],
  [-92, -80, -68, -56, -44],
  [-90, -76, 0, 0, 0]]
 [[-100, -96, -92, -88, -84],
  [-96, -88, -80, -72, -64],
  [-92, -80, -68, -56, -44],
  [-88, -72, -56, -40, -24],
  [-84, -64, -44, -24, -4],
  [-80, -56, -32, -8, 16],
  [-76, -48, 0, 0, 0]]
 [[-98, -92, -86, -80, -74],
  [-92, -80, -68, -56, -44],
  [-86, -68, -50, -32, -14],
  [-80, -56, -32, -8, 16],
  [-74, -44, -14, 16, 46],
  [-68, -32, 4, 40, 76],
  [-62, -20, 0, 0, 0]]]

### TEST_1, step = 12

#### SRC_MEM (TEST_1, step = 12)

[[[-51, -50, -49, -48, -47],
  [-50, -48, -46, -44, -42],
  [-49, -46, -43, -40, -37],
  [-48, -44, -40, -36, -32],
  [-47, -42, -37, -32, -27],
  [-46, -40, -34, -28, -22],
  [-45, -38, -31, -24, -17]]
 [[-50, -48, -46, -44, -42],
  [-48, -44, -40, -36, -32],
  [-46, -40, -34, -28, -22],
  [-44, -36, -28, -20, -12],
  [-42, -32, -22, -12, -2],
  [-40, -28, -16, -4, 8],
  [-38, -24, -10, 4, 18]]
 [[-49, -46, -43, -40, -37],
  [-46, -40, -34, -28, -22],
  [-43, -34, -25, -16, -7],
  [-40, -28, -16, -4, 8],
  [-37, -22, -7, 8, 23],
  [-34, -16, 2, 20, 38],
  [-31, -10, 11, 32, 53]]]

#### DST_MEM (TEST_1, step = 12)

[[[-102, -100, -98, -96, -94],
  [-100, -96, -92, -88, -84],
  [-98, -92, -86, -80, -74],
  [-96, -88, -80, -72, -64],
  [-94, -84, -74, -64, -54],
  [-92, -80, -68, -56, -44],
  [-90, -76, -62, -48, -34]]
 [[-100, -96, -92, -88, -84],
  [-96, -88, -80, -72, -64],
  [-92, -80, -68, -56, -44],
  [-88, -72, -56, -40, -24],
  [-84, -64, -44, -24, -4],
  [-80, -56, -32, -8, 16],
  [-76, -48, -20, 8, 36]]
 [[-98, -92, -86, -80, -74],
  [-92, -80, -68, -56, -44],
  [-86, -68, -50, -32, -14],
  [-80, -56, -32, -8, 16],
  [-74, -44, -14, 16, 46],
  [-68, -32, 4, 40, 76],
  [-62, -20, 22, 64, 0]]]

### TEST_1, step = 13

#### SRC_MEM (TEST_1, step = 13)

[[[-51, -50, -49, -48, -47],
  [-50, -48, -46, -44, -42],
  [-49, -46, -43, -40, -37],
  [-48, -44, -40, -36, -32],
  [-47, -42, -37, -32, -27],
  [-46, -40, -34, -28, -22],
  [-45, -38, -31, -24, -17]]
 [[-50, -48, -46, -44, -42],
  [-48, -44, -40, -36, -32],
  [-46, -40, -34, -28, -22],
  [-44, -36, -28, -20, -12],
  [-42, -32, -22, -12, -2],
  [-40, -28, -16, -4, 8],
  [-38, -24, -10, 4, 18]]
 [[-49, -46, -43, -40, -37],
  [-46, -40, -34, -28, -22],
  [-43, -34, -25, -16, -7],
  [-40, -28, -16, -4, 8],
  [-37, -22, -7, 8, 23],
  [-34, -16, 2, 20, 38],
  [-31, -10, 11, 32, 53]]]

#### DST_MEM (TEST_1, step = 13)

[[[-102, -100, -98, -96, -94],
  [-100, -96, -92, -88, -84],
  [-98, -92, -86, -80, -74],
  [-96, -88, -80, -72, -64],
  [-94, -84, -74, -64, -54],
  [-92, -80, -68, -56, -44],
  [-90, -76, -62, -48, -34]]
 [[-100, -96, -92, -88, -84],
  [-96, -88, -80, -72, -64],
  [-92, -80, -68, -56, -44],
  [-88, -72, -56, -40, -24],
  [-84, -64, -44, -24, -4],
  [-80, -56, -32, -8, 16],
  [-76, -48, -20, 8, 36]]
 [[-98, -92, -86, -80, -74],
  [-92, -80, -68, -56, -44],
  [-86, -68, -50, -32, -14],
  [-80, -56, -32, -8, 16],
  [-74, -44, -14, 16, 46],
  [-68, -32, 4, 40, 76],
  [-62, -20, 22, 64, 106]]]

