# POINTWISECONV_TEST

## TEST_0 (reset)

### TEST_0, step = -1

#### SRC_MEM (TEST_0, step = -1)

[[[1, 2, 3, 4, 5],
  [2, 4, 6, 8, 10],
  [3, 6, 9, 12, 15],
  [4, 8, 12, 16, 20],
  [5, 10, 15, 20, 25],
  [6, 12, 18, 24, 30],
  [7, 14, 21, 28, 35]]
 [[2, 4, 6, 8, 10],
  [4, 8, 12, 16, 20],
  [6, 12, 18, 24, 30],
  [8, 16, 24, 32, 40],
  [10, 20, 30, 40, 50],
  [12, 24, 36, 48, 60],
  [14, 28, 42, 56, 70]]
 [[3, 6, 9, 12, 15],
  [6, 12, 18, 24, 30],
  [9, 18, 27, 36, 45],
  [12, 24, 36, 48, 60],
  [15, 30, 45, 60, 75],
  [18, 36, 54, 72, 90],
  [21, 42, 63, 84, 105]]]

#### DST_MEM (TEST_0, step = -1)

[[[0, 0, 0, 0, 0],
  [0, 0, 0, 0, 0],
  [0, 0, 0, 0, 0],
  [0, 0, 0, 0, 0],
  [0, 0, 0, 0, 0],
  [0, 0, 0, 0, 0],
  [0, 0, 0, 0, 0]]
 [[0, 0, 0, 0, 0],
  [0, 0, 0, 0, 0],
  [0, 0, 0, 0, 0],
  [0, 0, 0, 0, 0],
  [0, 0, 0, 0, 0],
  [0, 0, 0, 0, 0],
  [0, 0, 0, 0, 0]]
 [[0, 0, 0, 0, 0],
  [0, 0, 0, 0, 0],
  [0, 0, 0, 0, 0],
  [0, 0, 0, 0, 0],
  [0, 0, 0, 0, 0],
  [0, 0, 0, 0, 0],
  [0, 0, 0, 0, 0]]
 [[0, 0, 0, 0, 0],
  [0, 0, 0, 0, 0],
  [0, 0, 0, 0, 0],
  [0, 0, 0, 0, 0],
  [0, 0, 0, 0, 0],
  [0, 0, 0, 0, 0],
  [0, 0, 0, 0, 0]]]

## TEST_1 (run)

### TEST_1, step = 0

#### SRC_MEM (TEST_1, step = 0)

[[[1, 2, 3, 4, 5],
  [2, 4, 6, 8, 10],
  [3, 6, 9, 12, 15],
  [4, 8, 12, 16, 20],
  [5, 10, 15, 20, 25],
  [6, 12, 18, 24, 30],
  [7, 14, 21, 28, 35]]
 [[2, 4, 6, 8, 10],
  [4, 8, 12, 16, 20],
  [6, 12, 18, 24, 30],
  [8, 16, 24, 32, 40],
  [10, 20, 30, 40, 50],
  [12, 24, 36, 48, 60],
  [14, 28, 42, 56, 70]]
 [[3, 6, 9, 12, 15],
  [6, 12, 18, 24, 30],
  [9, 18, 27, 36, 45],
  [12, 24, 36, 48, 60],
  [15, 30, 45, 60, 75],
  [18, 36, 54, 72, 90],
  [21, 42, 63, 84, 105]]]

#### DST_MEM (TEST_1, step = 0)

[[[2, 3, 4, 5, 6],
  [3, 5, 7, 9, 11],
  [4, 7, 10, 13, 16],
  [0, 0, 0, 0, 0],
  [0, 0, 0, 0, 0],
  [0, 0, 0, 0, 0],
  [0, 0, 0, 0, 0]]
 [[0, 0, 0, 0, 0],
  [0, 0, 0, 0, 0],
  [0, 0, 0, 0, 0],
  [0, 0, 0, 0, 0],
  [0, 0, 0, 0, 0],
  [0, 0, 0, 0, 0],
  [0, 0, 0, 0, 0]]
 [[0, 0, 0, 0, 0],
  [0, 0, 0, 0, 0],
  [0, 0, 0, 0, 0],
  [0, 0, 0, 0, 0],
  [0, 0, 0, 0, 0],
  [0, 0, 0, 0, 0],
  [0, 0, 0, 0, 0]]
 [[0, 0, 0, 0, 0],
  [0, 0, 0, 0, 0],
  [0, 0, 0, 0, 0],
  [0, 0, 0, 0, 0],
  [0, 0, 0, 0, 0],
  [0, 0, 0, 0, 0],
  [0, 0, 0, 0, 0]]]

### TEST_1, step = 1

#### SRC_MEM (TEST_1, step = 1)

[[[1, 2, 3, 4, 5],
  [2, 4, 6, 8, 10],
  [3, 6, 9, 12, 15],
  [4, 8, 12, 16, 20],
  [5, 10, 15, 20, 25],
  [6, 12, 18, 24, 30],
  [7, 14, 21, 28, 35]]
 [[2, 4, 6, 8, 10],
  [4, 8, 12, 16, 20],
  [6, 12, 18, 24, 30],
  [8, 16, 24, 32, 40],
  [10, 20, 30, 40, 50],
  [12, 24, 36, 48, 60],
  [14, 28, 42, 56, 70]]
 [[3, 6, 9, 12, 15],
  [6, 12, 18, 24, 30],
  [9, 18, 27, 36, 45],
  [12, 24, 36, 48, 60],
  [15, 30, 45, 60, 75],
  [18, 36, 54, 72, 90],
  [21, 42, 63, 84, 105]]]

#### DST_MEM (TEST_1, step = 1)

[[[10, 19, 28, 37, 46],
  [19, 37, 55, 73, 91],
  [28, 55, 82, 109, 136],
  [0, 0, 0, 0, 0],
  [0, 0, 0, 0, 0],
  [0, 0, 0, 0, 0],
  [0, 0, 0, 0, 0]]
 [[0, 0, 0, 0, 0],
  [0, 0, 0, 0, 0],
  [0, 0, 0, 0, 0],
  [0, 0, 0, 0, 0],
  [0, 0, 0, 0, 0],
  [0, 0, 0, 0, 0],
  [0, 0, 0, 0, 0]]
 [[0, 0, 0, 0, 0],
  [0, 0, 0, 0, 0],
  [0, 0, 0, 0, 0],
  [0, 0, 0, 0, 0],
  [0, 0, 0, 0, 0],
  [0, 0, 0, 0, 0],
  [0, 0, 0, 0, 0]]
 [[0, 0, 0, 0, 0],
  [0, 0, 0, 0, 0],
  [0, 0, 0, 0, 0],
  [0, 0, 0, 0, 0],
  [0, 0, 0, 0, 0],
  [0, 0, 0, 0, 0],
  [0, 0, 0, 0, 0]]]

### TEST_1, step = 2

#### SRC_MEM (TEST_1, step = 2)

[[[1, 2, 3, 4, 5],
  [2, 4, 6, 8, 10],
  [3, 6, 9, 12, 15],
  [4, 8, 12, 16, 20],
  [5, 10, 15, 20, 25],
  [6, 12, 18, 24, 30],
  [7, 14, 21, 28, 35]]
 [[2, 4, 6, 8, 10],
  [4, 8, 12, 16, 20],
  [6, 12, 18, 24, 30],
  [8, 16, 24, 32, 40],
  [10, 20, 30, 40, 50],
  [12, 24, 36, 48, 60],
  [14, 28, 42, 56, 70]]
 [[3, 6, 9, 12, 15],
  [6, 12, 18, 24, 30],
  [9, 18, 27, 36, 45],
  [12, 24, 36, 48, 60],
  [15, 30, 45, 60, 75],
  [18, 36, 54, 72, 90],
  [21, 42, 63, 84, 105]]]

#### DST_MEM (TEST_1, step = 2)

[[[37, 73, 109, 145, 181],
  [73, 145, 217, 289, 361],
  [109, 217, 325, 433, 541],
  [0, 0, 0, 0, 0],
  [0, 0, 0, 0, 0],
  [0, 0, 0, 0, 0],
  [0, 0, 0, 0, 0]]
 [[0, 0, 0, 0, 0],
  [0, 0, 0, 0, 0],
  [0, 0, 0, 0, 0],
  [0, 0, 0, 0, 0],
  [0, 0, 0, 0, 0],
  [0, 0, 0, 0, 0],
  [0, 0, 0, 0, 0]]
 [[0, 0, 0, 0, 0],
  [0, 0, 0, 0, 0],
  [0, 0, 0, 0, 0],
  [0, 0, 0, 0, 0],
  [0, 0, 0, 0, 0],
  [0, 0, 0, 0, 0],
  [0, 0, 0, 0, 0]]
 [[0, 0, 0, 0, 0],
  [0, 0, 0, 0, 0],
  [0, 0, 0, 0, 0],
  [0, 0, 0, 0, 0],
  [0, 0, 0, 0, 0],
  [0, 0, 0, 0, 0],
  [0, 0, 0, 0, 0]]]

### TEST_1, step = 3

#### SRC_MEM (TEST_1, step = 3)

[[[1, 2, 3, 4, 5],
  [2, 4, 6, 8, 10],
  [3, 6, 9, 12, 15],
  [4, 8, 12, 16, 20],
  [5, 10, 15, 20, 25],
  [6, 12, 18, 24, 30],
  [7, 14, 21, 28, 35]]
 [[2, 4, 6, 8, 10],
  [4, 8, 12, 16, 20],
  [6, 12, 18, 24, 30],
  [8, 16, 24, 32, 40],
  [10, 20, 30, 40, 50],
  [12, 24, 36, 48, 60],
  [14, 28, 42, 56, 70]]
 [[3, 6, 9, 12, 15],
  [6, 12, 18, 24, 30],
  [9, 18, 27, 36, 45],
  [12, 24, 36, 48, 60],
  [15, 30, 45, 60, 75],
  [18, 36, 54, 72, 90],
  [21, 42, 63, 84, 105]]]

#### DST_MEM (TEST_1, step = 3)

[[[37, 73, 109, 145, 181],
  [73, 145, 217, 289, 361],
  [109, 217, 325, 433, 541],
  [5, 9, 13, 17, 21],
  [6, 11, 16, 21, 26],
  [7, 13, 19, 25, 31],
  [0, 0, 0, 0, 0]]
 [[0, 0, 0, 0, 0],
  [0, 0, 0, 0, 0],
  [0, 0, 0, 0, 0],
  [0, 0, 0, 0, 0],
  [0, 0, 0, 0, 0],
  [0, 0, 0, 0, 0],
  [0, 0, 0, 0, 0]]
 [[0, 0, 0, 0, 0],
  [0, 0, 0, 0, 0],
  [0, 0, 0, 0, 0],
  [0, 0, 0, 0, 0],
  [0, 0, 0, 0, 0],
  [0, 0, 0, 0, 0],
  [0, 0, 0, 0, 0]]
 [[0, 0, 0, 0, 0],
  [0, 0, 0, 0, 0],
  [0, 0, 0, 0, 0],
  [0, 0, 0, 0, 0],
  [0, 0, 0, 0, 0],
  [0, 0, 0, 0, 0],
  [0, 0, 0, 0, 0]]]

### TEST_1, step = 4

#### SRC_MEM (TEST_1, step = 4)

[[[1, 2, 3, 4, 5],
  [2, 4, 6, 8, 10],
  [3, 6, 9, 12, 15],
  [4, 8, 12, 16, 20],
  [5, 10, 15, 20, 25],
  [6, 12, 18, 24, 30],
  [7, 14, 21, 28, 35]]
 [[2, 4, 6, 8, 10],
  [4, 8, 12, 16, 20],
  [6, 12, 18, 24, 30],
  [8, 16, 24, 32, 40],
  [10, 20, 30, 40, 50],
  [12, 24, 36, 48, 60],
  [14, 28, 42, 56, 70]]
 [[3, 6, 9, 12, 15],
  [6, 12, 18, 24, 30],
  [9, 18, 27, 36, 45],
  [12, 24, 36, 48, 60],
  [15, 30, 45, 60, 75],
  [18, 36, 54, 72, 90],
  [21, 42, 63, 84, 105]]]

#### DST_MEM (TEST_1, step = 4)

[[[37, 73, 109, 145, 181],
  [73, 145, 217, 289, 361],
  [109, 217, 325, 433, 541],
  [37, 73, 109, 145, 181],
  [46, 91, 136, 181, 226],
  [55, 109, 163, 217, 271],
  [0, 0, 0, 0, 0]]
 [[0, 0, 0, 0, 0],
  [0, 0, 0, 0, 0],
  [0, 0, 0, 0, 0],
  [0, 0, 0, 0, 0],
  [0, 0, 0, 0, 0],
  [0, 0, 0, 0, 0],
  [0, 0, 0, 0, 0]]
 [[0, 0, 0, 0, 0],
  [0, 0, 0, 0, 0],
  [0, 0, 0, 0, 0],
  [0, 0, 0, 0, 0],
  [0, 0, 0, 0, 0],
  [0, 0, 0, 0, 0],
  [0, 0, 0, 0, 0]]
 [[0, 0, 0, 0, 0],
  [0, 0, 0, 0, 0],
  [0, 0, 0, 0, 0],
  [0, 0, 0, 0, 0],
  [0, 0, 0, 0, 0],
  [0, 0, 0, 0, 0],
  [0, 0, 0, 0, 0]]]

### TEST_1, step = 5

#### SRC_MEM (TEST_1, step = 5)

[[[1, 2, 3, 4, 5],
  [2, 4, 6, 8, 10],
  [3, 6, 9, 12, 15],
  [4, 8, 12, 16, 20],
  [5, 10, 15, 20, 25],
  [6, 12, 18, 24, 30],
  [7, 14, 21, 28, 35]]
 [[2, 4, 6, 8, 10],
  [4, 8, 12, 16, 20],
  [6, 12, 18, 24, 30],
  [8, 16, 24, 32, 40],
  [10, 20, 30, 40, 50],
  [12, 24, 36, 48, 60],
  [14, 28, 42, 56, 70]]
 [[3, 6, 9, 12, 15],
  [6, 12, 18, 24, 30],
  [9, 18, 27, 36, 45],
  [12, 24, 36, 48, 60],
  [15, 30, 45, 60, 75],
  [18, 36, 54, 72, 90],
  [21, 42, 63, 84, 105]]]

#### DST_MEM (TEST_1, step = 5)

[[[37, 73, 109, 145, 181],
  [73, 145, 217, 289, 361],
  [109, 217, 325, 433, 541],
  [145, 289, 433, 577, 721],
  [181, 361, 541, 721, 901],
  [217, 433, 649, 865, 1081],
  [0, 0, 0, 0, 0]]
 [[0, 0, 0, 0, 0],
  [0, 0, 0, 0, 0],
  [0, 0, 0, 0, 0],
  [0, 0, 0, 0, 0],
  [0, 0, 0, 0, 0],
  [0, 0, 0, 0, 0],
  [0, 0, 0, 0, 0]]
 [[0, 0, 0, 0, 0],
  [0, 0, 0, 0, 0],
  [0, 0, 0, 0, 0],
  [0, 0, 0, 0, 0],
  [0, 0, 0, 0, 0],
  [0, 0, 0, 0, 0],
  [0, 0, 0, 0, 0]]
 [[0, 0, 0, 0, 0],
  [0, 0, 0, 0, 0],
  [0, 0, 0, 0, 0],
  [0, 0, 0, 0, 0],
  [0, 0, 0, 0, 0],
  [0, 0, 0, 0, 0],
  [0, 0, 0, 0, 0]]]

### TEST_1, step = 6

#### SRC_MEM (TEST_1, step = 6)

[[[1, 2, 3, 4, 5],
  [2, 4, 6, 8, 10],
  [3, 6, 9, 12, 15],
  [4, 8, 12, 16, 20],
  [5, 10, 15, 20, 25],
  [6, 12, 18, 24, 30],
  [7, 14, 21, 28, 35]]
 [[2, 4, 6, 8, 10],
  [4, 8, 12, 16, 20],
  [6, 12, 18, 24, 30],
  [8, 16, 24, 32, 40],
  [10, 20, 30, 40, 50],
  [12, 24, 36, 48, 60],
  [14, 28, 42, 56, 70]]
 [[3, 6, 9, 12, 15],
  [6, 12, 18, 24, 30],
  [9, 18, 27, 36, 45],
  [12, 24, 36, 48, 60],
  [15, 30, 45, 60, 75],
  [18, 36, 54, 72, 90],
  [21, 42, 63, 84, 105]]]

#### DST_MEM (TEST_1, step = 6)

[[[37, 73, 109, 145, 181],
  [73, 145, 217, 289, 361],
  [109, 217, 325, 433, 541],
  [145, 289, 433, 577, 721],
  [181, 361, 541, 721, 901],
  [217, 433, 649, 865, 1081],
  [8, 15, 22, 29, 36]]
 [[4, 6, 8, 10, 12],
  [6, 10, 14, 18, 22],
  [0, 0, 0, 0, 0],
  [0, 0, 0, 0, 0],
  [0, 0, 0, 0, 0],
  [0, 0, 0, 0, 0],
  [0, 0, 0, 0, 0]]
 [[0, 0, 0, 0, 0],
  [0, 0, 0, 0, 0],
  [0, 0, 0, 0, 0],
  [0, 0, 0, 0, 0],
  [0, 0, 0, 0, 0],
  [0, 0, 0, 0, 0],
  [0, 0, 0, 0, 0]]
 [[0, 0, 0, 0, 0],
  [0, 0, 0, 0, 0],
  [0, 0, 0, 0, 0],
  [0, 0, 0, 0, 0],
  [0, 0, 0, 0, 0],
  [0, 0, 0, 0, 0],
  [0, 0, 0, 0, 0]]]

### TEST_1, step = 7

#### SRC_MEM (TEST_1, step = 7)

[[[1, 2, 3, 4, 5],
  [2, 4, 6, 8, 10],
  [3, 6, 9, 12, 15],
  [4, 8, 12, 16, 20],
  [5, 10, 15, 20, 25],
  [6, 12, 18, 24, 30],
  [7, 14, 21, 28, 35]]
 [[2, 4, 6, 8, 10],
  [4, 8, 12, 16, 20],
  [6, 12, 18, 24, 30],
  [8, 16, 24, 32, 40],
  [10, 20, 30, 40, 50],
  [12, 24, 36, 48, 60],
  [14, 28, 42, 56, 70]]
 [[3, 6, 9, 12, 15],
  [6, 12, 18, 24, 30],
  [9, 18, 27, 36, 45],
  [12, 24, 36, 48, 60],
  [15, 30, 45, 60, 75],
  [18, 36, 54, 72, 90],
  [21, 42, 63, 84, 105]]]

#### DST_MEM (TEST_1, step = 7)

[[[37, 73, 109, 145, 181],
  [73, 145, 217, 289, 361],
  [109, 217, 325, 433, 541],
  [145, 289, 433, 577, 721],
  [181, 361, 541, 721, 901],
  [217, 433, 649, 865, 1081],
  [64, 127, 190, 253, 316]]
 [[16, 30, 44, 58, 72],
  [30, 58, 86, 114, 142],
  [0, 0, 0, 0, 0],
  [0, 0, 0, 0, 0],
  [0, 0, 0, 0, 0],
  [0, 0, 0, 0, 0],
  [0, 0, 0, 0, 0]]
 [[0, 0, 0, 0, 0],
  [0, 0, 0, 0, 0],
  [0, 0, 0, 0, 0],
  [0, 0, 0, 0, 0],
  [0, 0, 0, 0, 0],
  [0, 0, 0, 0, 0],
  [0, 0, 0, 0, 0]]
 [[0, 0, 0, 0, 0],
  [0, 0, 0, 0, 0],
  [0, 0, 0, 0, 0],
  [0, 0, 0, 0, 0],
  [0, 0, 0, 0, 0],
  [0, 0, 0, 0, 0],
  [0, 0, 0, 0, 0]]]

### TEST_1, step = 8

#### SRC_MEM (TEST_1, step = 8)

[[[1, 2, 3, 4, 5],
  [2, 4, 6, 8, 10],
  [3, 6, 9, 12, 15],
  [4, 8, 12, 16, 20],
  [5, 10, 15, 20, 25],
  [6, 12, 18, 24, 30],
  [7, 14, 21, 28, 35]]
 [[2, 4, 6, 8, 10],
  [4, 8, 12, 16, 20],
  [6, 12, 18, 24, 30],
  [8, 16, 24, 32, 40],
  [10, 20, 30, 40, 50],
  [12, 24, 36, 48, 60],
  [14, 28, 42, 56, 70]]
 [[3, 6, 9, 12, 15],
  [6, 12, 18, 24, 30],
  [9, 18, 27, 36, 45],
  [12, 24, 36, 48, 60],
  [15, 30, 45, 60, 75],
  [18, 36, 54, 72, 90],
  [21, 42, 63, 84, 105]]]

#### DST_MEM (TEST_1, step = 8)

[[[37, 73, 109, 145, 181],
  [73, 145, 217, 289, 361],
  [109, 217, 325, 433, 541],
  [145, 289, 433, 577, 721],
  [181, 361, 541, 721, 901],
  [217, 433, 649, 865, 1081],
  [253, 505, 757, 1009, 1261]]
 [[28, 54, 80, 106, 132],
  [54, 106, 158, 210, 262],
  [0, 0, 0, 0, 0],
  [0, 0, 0, 0, 0],
  [0, 0, 0, 0, 0],
  [0, 0, 0, 0, 0],
  [0, 0, 0, 0, 0]]
 [[0, 0, 0, 0, 0],
  [0, 0, 0, 0, 0],
  [0, 0, 0, 0, 0],
  [0, 0, 0, 0, 0],
  [0, 0, 0, 0, 0],
  [0, 0, 0, 0, 0],
  [0, 0, 0, 0, 0]]
 [[0, 0, 0, 0, 0],
  [0, 0, 0, 0, 0],
  [0, 0, 0, 0, 0],
  [0, 0, 0, 0, 0],
  [0, 0, 0, 0, 0],
  [0, 0, 0, 0, 0],
  [0, 0, 0, 0, 0]]]

### TEST_1, step = 9

#### SRC_MEM (TEST_1, step = 9)

[[[1, 2, 3, 4, 5],
  [2, 4, 6, 8, 10],
  [3, 6, 9, 12, 15],
  [4, 8, 12, 16, 20],
  [5, 10, 15, 20, 25],
  [6, 12, 18, 24, 30],
  [7, 14, 21, 28, 35]]
 [[2, 4, 6, 8, 10],
  [4, 8, 12, 16, 20],
  [6, 12, 18, 24, 30],
  [8, 16, 24, 32, 40],
  [10, 20, 30, 40, 50],
  [12, 24, 36, 48, 60],
  [14, 28, 42, 56, 70]]
 [[3, 6, 9, 12, 15],
  [6, 12, 18, 24, 30],
  [9, 18, 27, 36, 45],
  [12, 24, 36, 48, 60],
  [15, 30, 45, 60, 75],
  [18, 36, 54, 72, 90],
  [21, 42, 63, 84, 105]]]

#### DST_MEM (TEST_1, step = 9)

[[[37, 73, 109, 145, 181],
  [73, 145, 217, 289, 361],
  [109, 217, 325, 433, 541],
  [145, 289, 433, 577, 721],
  [181, 361, 541, 721, 901],
  [217, 433, 649, 865, 1081],
  [253, 505, 757, 1009, 1261]]
 [[28, 54, 80, 106, 132],
  [54, 106, 158, 210, 262],
  [8, 14, 20, 26, 32],
  [10, 18, 26, 34, 42],
  [12, 22, 32, 42, 52],
  [0, 0, 0, 0, 0],
  [0, 0, 0, 0, 0]]
 [[0, 0, 0, 0, 0],
  [0, 0, 0, 0, 0],
  [0, 0, 0, 0, 0],
  [0, 0, 0, 0, 0],
  [0, 0, 0, 0, 0],
  [0, 0, 0, 0, 0],
  [0, 0, 0, 0, 0]]
 [[0, 0, 0, 0, 0],
  [0, 0, 0, 0, 0],
  [0, 0, 0, 0, 0],
  [0, 0, 0, 0, 0],
  [0, 0, 0, 0, 0],
  [0, 0, 0, 0, 0],
  [0, 0, 0, 0, 0]]]

### TEST_1, step = 10

#### SRC_MEM (TEST_1, step = 10)

[[[1, 2, 3, 4, 5],
  [2, 4, 6, 8, 10],
  [3, 6, 9, 12, 15],
  [4, 8, 12, 16, 20],
  [5, 10, 15, 20, 25],
  [6, 12, 18, 24, 30],
  [7, 14, 21, 28, 35]]
 [[2, 4, 6, 8, 10],
  [4, 8, 12, 16, 20],
  [6, 12, 18, 24, 30],
  [8, 16, 24, 32, 40],
  [10, 20, 30, 40, 50],
  [12, 24, 36, 48, 60],
  [14, 28, 42, 56, 70]]
 [[3, 6, 9, 12, 15],
  [6, 12, 18, 24, 30],
  [9, 18, 27, 36, 45],
  [12, 24, 36, 48, 60],
  [15, 30, 45, 60, 75],
  [18, 36, 54, 72, 90],
  [21, 42, 63, 84, 105]]]

#### DST_MEM (TEST_1, step = 10)

[[[37, 73, 109, 145, 181],
  [73, 145, 217, 289, 361],
  [109, 217, 325, 433, 541],
  [145, 289, 433, 577, 721],
  [181, 361, 541, 721, 901],
  [217, 433, 649, 865, 1081],
  [253, 505, 757, 1009, 1261]]
 [[28, 54, 80, 106, 132],
  [54, 106, 158, 210, 262],
  [44, 86, 128, 170, 212],
  [58, 114, 170, 226, 282],
  [72, 142, 212, 282, 352],
  [0, 0, 0, 0, 0],
  [0, 0, 0, 0, 0]]
 [[0, 0, 0, 0, 0],
  [0, 0, 0, 0, 0],
  [0, 0, 0, 0, 0],
  [0, 0, 0, 0, 0],
  [0, 0, 0, 0, 0],
  [0, 0, 0, 0, 0],
  [0, 0, 0, 0, 0]]
 [[0, 0, 0, 0, 0],
  [0, 0, 0, 0, 0],
  [0, 0, 0, 0, 0],
  [0, 0, 0, 0, 0],
  [0, 0, 0, 0, 0],
  [0, 0, 0, 0, 0],
  [0, 0, 0, 0, 0]]]

### TEST_1, step = 11

#### SRC_MEM (TEST_1, step = 11)

[[[1, 2, 3, 4, 5],
  [2, 4, 6, 8, 10],
  [3, 6, 9, 12, 15],
  [4, 8, 12, 16, 20],
  [5, 10, 15, 20, 25],
  [6, 12, 18, 24, 30],
  [7, 14, 21, 28, 35]]
 [[2, 4, 6, 8, 10],
  [4, 8, 12, 16, 20],
  [6, 12, 18, 24, 30],
  [8, 16, 24, 32, 40],
  [10, 20, 30, 40, 50],
  [12, 24, 36, 48, 60],
  [14, 28, 42, 56, 70]]
 [[3, 6, 9, 12, 15],
  [6, 12, 18, 24, 30],
  [9, 18, 27, 36, 45],
  [12, 24, 36, 48, 60],
  [15, 30, 45, 60, 75],
  [18, 36, 54, 72, 90],
  [21, 42, 63, 84, 105]]]

#### DST_MEM (TEST_1, step = 11)

[[[37, 73, 109, 145, 181],
  [73, 145, 217, 289, 361],
  [109, 217, 325, 433, 541],
  [145, 289, 433, 577, 721],
  [181, 361, 541, 721, 901],
  [217, 433, 649, 865, 1081],
  [253, 505, 757, 1009, 1261]]
 [[28, 54, 80, 106, 132],
  [54, 106, 158, 210, 262],
  [80, 158, 236, 314, 392],
  [106, 210, 314, 418, 522],
  [132, 262, 392, 522, 652],
  [0, 0, 0, 0, 0],
  [0, 0, 0, 0, 0]]
 [[0, 0, 0, 0, 0],
  [0, 0, 0, 0, 0],
  [0, 0, 0, 0, 0],
  [0, 0, 0, 0, 0],
  [0, 0, 0, 0, 0],
  [0, 0, 0, 0, 0],
  [0, 0, 0, 0, 0]]
 [[0, 0, 0, 0, 0],
  [0, 0, 0, 0, 0],
  [0, 0, 0, 0, 0],
  [0, 0, 0, 0, 0],
  [0, 0, 0, 0, 0],
  [0, 0, 0, 0, 0],
  [0, 0, 0, 0, 0]]]

### TEST_1, step = 12

#### SRC_MEM (TEST_1, step = 12)

[[[1, 2, 3, 4, 5],
  [2, 4, 6, 8, 10],
  [3, 6, 9, 12, 15],
  [4, 8, 12, 16, 20],
  [5, 10, 15, 20, 25],
  [6, 12, 18, 24, 30],
  [7, 14, 21, 28, 35]]
 [[2, 4, 6, 8, 10],
  [4, 8, 12, 16, 20],
  [6, 12, 18, 24, 30],
  [8, 16, 24, 32, 40],
  [10, 20, 30, 40, 50],
  [12, 24, 36, 48, 60],
  [14, 28, 42, 56, 70]]
 [[3, 6, 9, 12, 15],
  [6, 12, 18, 24, 30],
  [9, 18, 27, 36, 45],
  [12, 24, 36, 48, 60],
  [15, 30, 45, 60, 75],
  [18, 36, 54, 72, 90],
  [21, 42, 63, 84, 105]]]

#### DST_MEM (TEST_1, step = 12)

[[[37, 73, 109, 145, 181],
  [73, 145, 217, 289, 361],
  [109, 217, 325, 433, 541],
  [145, 289, 433, 577, 721],
  [181, 361, 541, 721, 901],
  [217, 433, 649, 865, 1081],
  [253, 505, 757, 1009, 1261]]
 [[28, 54, 80, 106, 132],
  [54, 106, 158, 210, 262],
  [80, 158, 236, 314, 392],
  [106, 210, 314, 418, 522],
  [132, 262, 392, 522, 652],
  [14, 26, 38, 50, 62],
  [16, 30, 44, 58, 72]]
 [[6, 9, 12, 15, 18],
  [0, 0, 0, 0, 0],
  [0, 0, 0, 0, 0],
  [0, 0, 0, 0, 0],
  [0, 0, 0, 0, 0],
  [0, 0, 0, 0, 0],
  [0, 0, 0, 0, 0]]
 [[0, 0, 0, 0, 0],
  [0, 0, 0, 0, 0],
  [0, 0, 0, 0, 0],
  [0, 0, 0, 0, 0],
  [0, 0, 0, 0, 0],
  [0, 0, 0, 0, 0],
  [0, 0, 0, 0, 0]]]

### TEST_1, step = 13

#### SRC_MEM (TEST_1, step = 13)

[[[1, 2, 3, 4, 5],
  [2, 4, 6, 8, 10],
  [3, 6, 9, 12, 15],
  [4, 8, 12, 16, 20],
  [5, 10, 15, 20, 25],
  [6, 12, 18, 24, 30],
  [7, 14, 21, 28, 35]]
 [[2, 4, 6, 8, 10],
  [4, 8, 12, 16, 20],
  [6, 12, 18, 24, 30],
  [8, 16, 24, 32, 40],
  [10, 20, 30, 40, 50],
  [12, 24, 36, 48, 60],
  [14, 28, 42, 56, 70]]
 [[3, 6, 9, 12, 15],
  [6, 12, 18, 24, 30],
  [9, 18, 27, 36, 45],
  [12, 24, 36, 48, 60],
  [15, 30, 45, 60, 75],
  [18, 36, 54, 72, 90],
  [21, 42, 63, 84, 105]]]

#### DST_MEM (TEST_1, step = 13)

[[[37, 73, 109, 145, 181],
  [73, 145, 217, 289, 361],
  [109, 217, 325, 433, 541],
  [145, 289, 433, 577, 721],
  [181, 361, 541, 721, 901],
  [217, 433, 649, 865, 1081],
  [253, 505, 757, 1009, 1261]]
 [[28, 54, 80, 106, 132],
  [54, 106, 158, 210, 262],
  [80, 158, 236, 314, 392],
  [106, 210, 314, 418, 522],
  [132, 262, 392, 522, 652],
  [86, 170, 254, 338, 422],
  [100, 198, 296, 394, 492]]
 [[12, 21, 30, 39, 48],
  [0, 0, 0, 0, 0],
  [0, 0, 0, 0, 0],
  [0, 0, 0, 0, 0],
  [0, 0, 0, 0, 0],
  [0, 0, 0, 0, 0],
  [0, 0, 0, 0, 0]]
 [[0, 0, 0, 0, 0],
  [0, 0, 0, 0, 0],
  [0, 0, 0, 0, 0],
  [0, 0, 0, 0, 0],
  [0, 0, 0, 0, 0],
  [0, 0, 0, 0, 0],
  [0, 0, 0, 0, 0]]]

### TEST_1, step = 14

#### SRC_MEM (TEST_1, step = 14)

[[[1, 2, 3, 4, 5],
  [2, 4, 6, 8, 10],
  [3, 6, 9, 12, 15],
  [4, 8, 12, 16, 20],
  [5, 10, 15, 20, 25],
  [6, 12, 18, 24, 30],
  [7, 14, 21, 28, 35]]
 [[2, 4, 6, 8, 10],
  [4, 8, 12, 16, 20],
  [6, 12, 18, 24, 30],
  [8, 16, 24, 32, 40],
  [10, 20, 30, 40, 50],
  [12, 24, 36, 48, 60],
  [14, 28, 42, 56, 70]]
 [[3, 6, 9, 12, 15],
  [6, 12, 18, 24, 30],
  [9, 18, 27, 36, 45],
  [12, 24, 36, 48, 60],
  [15, 30, 45, 60, 75],
  [18, 36, 54, 72, 90],
  [21, 42, 63, 84, 105]]]

#### DST_MEM (TEST_1, step = 14)

[[[37, 73, 109, 145, 181],
  [73, 145, 217, 289, 361],
  [109, 217, 325, 433, 541],
  [145, 289, 433, 577, 721],
  [181, 361, 541, 721, 901],
  [217, 433, 649, 865, 1081],
  [253, 505, 757, 1009, 1261]]
 [[28, 54, 80, 106, 132],
  [54, 106, 158, 210, 262],
  [80, 158, 236, 314, 392],
  [106, 210, 314, 418, 522],
  [132, 262, 392, 522, 652],
  [158, 314, 470, 626, 782],
  [184, 366, 548, 730, 912]]
 [[36, 69, 102, 135, 168],
  [0, 0, 0, 0, 0],
  [0, 0, 0, 0, 0],
  [0, 0, 0, 0, 0],
  [0, 0, 0, 0, 0],
  [0, 0, 0, 0, 0],
  [0, 0, 0, 0, 0]]
 [[0, 0, 0, 0, 0],
  [0, 0, 0, 0, 0],
  [0, 0, 0, 0, 0],
  [0, 0, 0, 0, 0],
  [0, 0, 0, 0, 0],
  [0, 0, 0, 0, 0],
  [0, 0, 0, 0, 0]]]

### TEST_1, step = 15

#### SRC_MEM (TEST_1, step = 15)

[[[1, 2, 3, 4, 5],
  [2, 4, 6, 8, 10],
  [3, 6, 9, 12, 15],
  [4, 8, 12, 16, 20],
  [5, 10, 15, 20, 25],
  [6, 12, 18, 24, 30],
  [7, 14, 21, 28, 35]]
 [[2, 4, 6, 8, 10],
  [4, 8, 12, 16, 20],
  [6, 12, 18, 24, 30],
  [8, 16, 24, 32, 40],
  [10, 20, 30, 40, 50],
  [12, 24, 36, 48, 60],
  [14, 28, 42, 56, 70]]
 [[3, 6, 9, 12, 15],
  [6, 12, 18, 24, 30],
  [9, 18, 27, 36, 45],
  [12, 24, 36, 48, 60],
  [15, 30, 45, 60, 75],
  [18, 36, 54, 72, 90],
  [21, 42, 63, 84, 105]]]

#### DST_MEM (TEST_1, step = 15)

[[[37, 73, 109, 145, 181],
  [73, 145, 217, 289, 361],
  [109, 217, 325, 433, 541],
  [145, 289, 433, 577, 721],
  [181, 361, 541, 721, 901],
  [217, 433, 649, 865, 1081],
  [253, 505, 757, 1009, 1261]]
 [[28, 54, 80, 106, 132],
  [54, 106, 158, 210, 262],
  [80, 158, 236, 314, 392],
  [106, 210, 314, 418, 522],
  [132, 262, 392, 522, 652],
  [158, 314, 470, 626, 782],
  [184, 366, 548, 730, 912]]
 [[36, 69, 102, 135, 168],
  [9, 15, 21, 27, 33],
  [12, 21, 30, 39, 48],
  [15, 27, 39, 51, 63],
  [0, 0, 0, 0, 0],
  [0, 0, 0, 0, 0],
  [0, 0, 0, 0, 0]]
 [[0, 0, 0, 0, 0],
  [0, 0, 0, 0, 0],
  [0, 0, 0, 0, 0],
  [0, 0, 0, 0, 0],
  [0, 0, 0, 0, 0],
  [0, 0, 0, 0, 0],
  [0, 0, 0, 0, 0]]]

### TEST_1, step = 16

#### SRC_MEM (TEST_1, step = 16)

[[[1, 2, 3, 4, 5],
  [2, 4, 6, 8, 10],
  [3, 6, 9, 12, 15],
  [4, 8, 12, 16, 20],
  [5, 10, 15, 20, 25],
  [6, 12, 18, 24, 30],
  [7, 14, 21, 28, 35]]
 [[2, 4, 6, 8, 10],
  [4, 8, 12, 16, 20],
  [6, 12, 18, 24, 30],
  [8, 16, 24, 32, 40],
  [10, 20, 30, 40, 50],
  [12, 24, 36, 48, 60],
  [14, 28, 42, 56, 70]]
 [[3, 6, 9, 12, 15],
  [6, 12, 18, 24, 30],
  [9, 18, 27, 36, 45],
  [12, 24, 36, 48, 60],
  [15, 30, 45, 60, 75],
  [18, 36, 54, 72, 90],
  [21, 42, 63, 84, 105]]]

#### DST_MEM (TEST_1, step = 16)

[[[37, 73, 109, 145, 181],
  [73, 145, 217, 289, 361],
  [109, 217, 325, 433, 541],
  [145, 289, 433, 577, 721],
  [181, 361, 541, 721, 901],
  [217, 433, 649, 865, 1081],
  [253, 505, 757, 1009, 1261]]
 [[28, 54, 80, 106, 132],
  [54, 106, 158, 210, 262],
  [80, 158, 236, 314, 392],
  [106, 210, 314, 418, 522],
  [132, 262, 392, 522, 652],
  [158, 314, 470, 626, 782],
  [184, 366, 548, 730, 912]]
 [[36, 69, 102, 135, 168],
  [21, 39, 57, 75, 93],
  [30, 57, 84, 111, 138],
  [39, 75, 111, 147, 183],
  [0, 0, 0, 0, 0],
  [0, 0, 0, 0, 0],
  [0, 0, 0, 0, 0]]
 [[0, 0, 0, 0, 0],
  [0, 0, 0, 0, 0],
  [0, 0, 0, 0, 0],
  [0, 0, 0, 0, 0],
  [0, 0, 0, 0, 0],
  [0, 0, 0, 0, 0],
  [0, 0, 0, 0, 0]]]

### TEST_1, step = 17

#### SRC_MEM (TEST_1, step = 17)

[[[1, 2, 3, 4, 5],
  [2, 4, 6, 8, 10],
  [3, 6, 9, 12, 15],
  [4, 8, 12, 16, 20],
  [5, 10, 15, 20, 25],
  [6, 12, 18, 24, 30],
  [7, 14, 21, 28, 35]]
 [[2, 4, 6, 8, 10],
  [4, 8, 12, 16, 20],
  [6, 12, 18, 24, 30],
  [8, 16, 24, 32, 40],
  [10, 20, 30, 40, 50],
  [12, 24, 36, 48, 60],
  [14, 28, 42, 56, 70]]
 [[3, 6, 9, 12, 15],
  [6, 12, 18, 24, 30],
  [9, 18, 27, 36, 45],
  [12, 24, 36, 48, 60],
  [15, 30, 45, 60, 75],
  [18, 36, 54, 72, 90],
  [21, 42, 63, 84, 105]]]

#### DST_MEM (TEST_1, step = 17)

[[[37, 73, 109, 145, 181],
  [73, 145, 217, 289, 361],
  [109, 217, 325, 433, 541],
  [145, 289, 433, 577, 721],
  [181, 361, 541, 721, 901],
  [217, 433, 649, 865, 1081],
  [253, 505, 757, 1009, 1261]]
 [[28, 54, 80, 106, 132],
  [54, 106, 158, 210, 262],
  [80, 158, 236, 314, 392],
  [106, 210, 314, 418, 522],
  [132, 262, 392, 522, 652],
  [158, 314, 470, 626, 782],
  [184, 366, 548, 730, 912]]
 [[36, 69, 102, 135, 168],
  [69, 135, 201, 267, 333],
  [102, 201, 300, 399, 498],
  [135, 267, 399, 531, 663],
  [0, 0, 0, 0, 0],
  [0, 0, 0, 0, 0],
  [0, 0, 0, 0, 0]]
 [[0, 0, 0, 0, 0],
  [0, 0, 0, 0, 0],
  [0, 0, 0, 0, 0],
  [0, 0, 0, 0, 0],
  [0, 0, 0, 0, 0],
  [0, 0, 0, 0, 0],
  [0, 0, 0, 0, 0]]]

### TEST_1, step = 18

#### SRC_MEM (TEST_1, step = 18)

[[[1, 2, 3, 4, 5],
  [2, 4, 6, 8, 10],
  [3, 6, 9, 12, 15],
  [4, 8, 12, 16, 20],
  [5, 10, 15, 20, 25],
  [6, 12, 18, 24, 30],
  [7, 14, 21, 28, 35]]
 [[2, 4, 6, 8, 10],
  [4, 8, 12, 16, 20],
  [6, 12, 18, 24, 30],
  [8, 16, 24, 32, 40],
  [10, 20, 30, 40, 50],
  [12, 24, 36, 48, 60],
  [14, 28, 42, 56, 70]]
 [[3, 6, 9, 12, 15],
  [6, 12, 18, 24, 30],
  [9, 18, 27, 36, 45],
  [12, 24, 36, 48, 60],
  [15, 30, 45, 60, 75],
  [18, 36, 54, 72, 90],
  [21, 42, 63, 84, 105]]]

#### DST_MEM (TEST_1, step = 18)

[[[37, 73, 109, 145, 181],
  [73, 145, 217, 289, 361],
  [109, 217, 325, 433, 541],
  [145, 289, 433, 577, 721],
  [181, 361, 541, 721, 901],
  [217, 433, 649, 865, 1081],
  [253, 505, 757, 1009, 1261]]
 [[28, 54, 80, 106, 132],
  [54, 106, 158, 210, 262],
  [80, 158, 236, 314, 392],
  [106, 210, 314, 418, 522],
  [132, 262, 392, 522, 652],
  [158, 314, 470, 626, 782],
  [184, 366, 548, 730, 912]]
 [[36, 69, 102, 135, 168],
  [69, 135, 201, 267, 333],
  [102, 201, 300, 399, 498],
  [135, 267, 399, 531, 663],
  [18, 33, 48, 63, 78],
  [21, 39, 57, 75, 93],
  [24, 45, 66, 87, 108]]
 [[0, 0, 0, 0, 0],
  [0, 0, 0, 0, 0],
  [0, 0, 0, 0, 0],
  [0, 0, 0, 0, 0],
  [0, 0, 0, 0, 0],
  [0, 0, 0, 0, 0],
  [0, 0, 0, 0, 0]]]

### TEST_1, step = 19

#### SRC_MEM (TEST_1, step = 19)

[[[1, 2, 3, 4, 5],
  [2, 4, 6, 8, 10],
  [3, 6, 9, 12, 15],
  [4, 8, 12, 16, 20],
  [5, 10, 15, 20, 25],
  [6, 12, 18, 24, 30],
  [7, 14, 21, 28, 35]]
 [[2, 4, 6, 8, 10],
  [4, 8, 12, 16, 20],
  [6, 12, 18, 24, 30],
  [8, 16, 24, 32, 40],
  [10, 20, 30, 40, 50],
  [12, 24, 36, 48, 60],
  [14, 28, 42, 56, 70]]
 [[3, 6, 9, 12, 15],
  [6, 12, 18, 24, 30],
  [9, 18, 27, 36, 45],
  [12, 24, 36, 48, 60],
  [15, 30, 45, 60, 75],
  [18, 36, 54, 72, 90],
  [21, 42, 63, 84, 105]]]

#### DST_MEM (TEST_1, step = 19)

[[[37, 73, 109, 145, 181],
  [73, 145, 217, 289, 361],
  [109, 217, 325, 433, 541],
  [145, 289, 433, 577, 721],
  [181, 361, 541, 721, 901],
  [217, 433, 649, 865, 1081],
  [253, 505, 757, 1009, 1261]]
 [[28, 54, 80, 106, 132],
  [54, 106, 158, 210, 262],
  [80, 158, 236, 314, 392],
  [106, 210, 314, 418, 522],
  [132, 262, 392, 522, 652],
  [158, 314, 470, 626, 782],
  [184, 366, 548, 730, 912]]
 [[36, 69, 102, 135, 168],
  [69, 135, 201, 267, 333],
  [102, 201, 300, 399, 498],
  [135, 267, 399, 531, 663],
  [48, 93, 138, 183, 228],
  [57, 111, 165, 219, 273],
  [66, 129, 192, 255, 318]]
 [[0, 0, 0, 0, 0],
  [0, 0, 0, 0, 0],
  [0, 0, 0, 0, 0],
  [0, 0, 0, 0, 0],
  [0, 0, 0, 0, 0],
  [0, 0, 0, 0, 0],
  [0, 0, 0, 0, 0]]]

### TEST_1, step = 20

#### SRC_MEM (TEST_1, step = 20)

[[[1, 2, 3, 4, 5],
  [2, 4, 6, 8, 10],
  [3, 6, 9, 12, 15],
  [4, 8, 12, 16, 20],
  [5, 10, 15, 20, 25],
  [6, 12, 18, 24, 30],
  [7, 14, 21, 28, 35]]
 [[2, 4, 6, 8, 10],
  [4, 8, 12, 16, 20],
  [6, 12, 18, 24, 30],
  [8, 16, 24, 32, 40],
  [10, 20, 30, 40, 50],
  [12, 24, 36, 48, 60],
  [14, 28, 42, 56, 70]]
 [[3, 6, 9, 12, 15],
  [6, 12, 18, 24, 30],
  [9, 18, 27, 36, 45],
  [12, 24, 36, 48, 60],
  [15, 30, 45, 60, 75],
  [18, 36, 54, 72, 90],
  [21, 42, 63, 84, 105]]]

#### DST_MEM (TEST_1, step = 20)

[[[37, 73, 109, 145, 181],
  [73, 145, 217, 289, 361],
  [109, 217, 325, 433, 541],
  [145, 289, 433, 577, 721],
  [181, 361, 541, 721, 901],
  [217, 433, 649, 865, 1081],
  [253, 505, 757, 1009, 1261]]
 [[28, 54, 80, 106, 132],
  [54, 106, 158, 210, 262],
  [80, 158, 236, 314, 392],
  [106, 210, 314, 418, 522],
  [132, 262, 392, 522, 652],
  [158, 314, 470, 626, 782],
  [184, 366, 548, 730, 912]]
 [[36, 69, 102, 135, 168],
  [69, 135, 201, 267, 333],
  [102, 201, 300, 399, 498],
  [135, 267, 399, 531, 663],
  [168, 333, 498, 663, 828],
  [201, 399, 597, 795, 993],
  [234, 465, 696, 927, 1158]]
 [[0, 0, 0, 0, 0],
  [0, 0, 0, 0, 0],
  [0, 0, 0, 0, 0],
  [0, 0, 0, 0, 0],
  [0, 0, 0, 0, 0],
  [0, 0, 0, 0, 0],
  [0, 0, 0, 0, 0]]]

### TEST_1, step = 21

#### SRC_MEM (TEST_1, step = 21)

[[[1, 2, 3, 4, 5],
  [2, 4, 6, 8, 10],
  [3, 6, 9, 12, 15],
  [4, 8, 12, 16, 20],
  [5, 10, 15, 20, 25],
  [6, 12, 18, 24, 30],
  [7, 14, 21, 28, 35]]
 [[2, 4, 6, 8, 10],
  [4, 8, 12, 16, 20],
  [6, 12, 18, 24, 30],
  [8, 16, 24, 32, 40],
  [10, 20, 30, 40, 50],
  [12, 24, 36, 48, 60],
  [14, 28, 42, 56, 70]]
 [[3, 6, 9, 12, 15],
  [6, 12, 18, 24, 30],
  [9, 18, 27, 36, 45],
  [12, 24, 36, 48, 60],
  [15, 30, 45, 60, 75],
  [18, 36, 54, 72, 90],
  [21, 42, 63, 84, 105]]]

#### DST_MEM (TEST_1, step = 21)

[[[37, 73, 109, 145, 181],
  [73, 145, 217, 289, 361],
  [109, 217, 325, 433, 541],
  [145, 289, 433, 577, 721],
  [181, 361, 541, 721, 901],
  [217, 433, 649, 865, 1081],
  [253, 505, 757, 1009, 1261]]
 [[28, 54, 80, 106, 132],
  [54, 106, 158, 210, 262],
  [80, 158, 236, 314, 392],
  [106, 210, 314, 418, 522],
  [132, 262, 392, 522, 652],
  [158, 314, 470, 626, 782],
  [184, 366, 548, 730, 912]]
 [[36, 69, 102, 135, 168],
  [69, 135, 201, 267, 333],
  [102, 201, 300, 399, 498],
  [135, 267, 399, 531, 663],
  [168, 333, 498, 663, 828],
  [201, 399, 597, 795, 993],
  [234, 465, 696, 927, 1158]]
 [[6, 8, 10, 12, 14],
  [8, 12, 16, 20, 24],
  [10, 16, 22, 28, 34],
  [0, 0, 0, 0, 0],
  [0, 0, 0, 0, 0],
  [0, 0, 0, 0, 0],
  [0, 0, 0, 0, 0]]]

### TEST_1, step = 22

#### SRC_MEM (TEST_1, step = 22)

[[[1, 2, 3, 4, 5],
  [2, 4, 6, 8, 10],
  [3, 6, 9, 12, 15],
  [4, 8, 12, 16, 20],
  [5, 10, 15, 20, 25],
  [6, 12, 18, 24, 30],
  [7, 14, 21, 28, 35]]
 [[2, 4, 6, 8, 10],
  [4, 8, 12, 16, 20],
  [6, 12, 18, 24, 30],
  [8, 16, 24, 32, 40],
  [10, 20, 30, 40, 50],
  [12, 24, 36, 48, 60],
  [14, 28, 42, 56, 70]]
 [[3, 6, 9, 12, 15],
  [6, 12, 18, 24, 30],
  [9, 18, 27, 36, 45],
  [12, 24, 36, 48, 60],
  [15, 30, 45, 60, 75],
  [18, 36, 54, 72, 90],
  [21, 42, 63, 84, 105]]]

#### DST_MEM (TEST_1, step = 22)

[[[37, 73, 109, 145, 181],
  [73, 145, 217, 289, 361],
  [109, 217, 325, 433, 541],
  [145, 289, 433, 577, 721],
  [181, 361, 541, 721, 901],
  [217, 433, 649, 865, 1081],
  [253, 505, 757, 1009, 1261]]
 [[28, 54, 80, 106, 132],
  [54, 106, 158, 210, 262],
  [80, 158, 236, 314, 392],
  [106, 210, 314, 418, 522],
  [132, 262, 392, 522, 652],
  [158, 314, 470, 626, 782],
  [184, 366, 548, 730, 912]]
 [[36, 69, 102, 135, 168],
  [69, 135, 201, 267, 333],
  [102, 201, 300, 399, 498],
  [135, 267, 399, 531, 663],
  [168, 333, 498, 663, 828],
  [201, 399, 597, 795, 993],
  [234, 465, 696, 927, 1158]]
 [[18, 32, 46, 60, 74],
  [32, 60, 88, 116, 144],
  [46, 88, 130, 172, 214],
  [0, 0, 0, 0, 0],
  [0, 0, 0, 0, 0],
  [0, 0, 0, 0, 0],
  [0, 0, 0, 0, 0]]]

### TEST_1, step = 23

#### SRC_MEM (TEST_1, step = 23)

[[[1, 2, 3, 4, 5],
  [2, 4, 6, 8, 10],
  [3, 6, 9, 12, 15],
  [4, 8, 12, 16, 20],
  [5, 10, 15, 20, 25],
  [6, 12, 18, 24, 30],
  [7, 14, 21, 28, 35]]
 [[2, 4, 6, 8, 10],
  [4, 8, 12, 16, 20],
  [6, 12, 18, 24, 30],
  [8, 16, 24, 32, 40],
  [10, 20, 30, 40, 50],
  [12, 24, 36, 48, 60],
  [14, 28, 42, 56, 70]]
 [[3, 6, 9, 12, 15],
  [6, 12, 18, 24, 30],
  [9, 18, 27, 36, 45],
  [12, 24, 36, 48, 60],
  [15, 30, 45, 60, 75],
  [18, 36, 54, 72, 90],
  [21, 42, 63, 84, 105]]]

#### DST_MEM (TEST_1, step = 23)

[[[37, 73, 109, 145, 181],
  [73, 145, 217, 289, 361],
  [109, 217, 325, 433, 541],
  [145, 289, 433, 577, 721],
  [181, 361, 541, 721, 901],
  [217, 433, 649, 865, 1081],
  [253, 505, 757, 1009, 1261]]
 [[28, 54, 80, 106, 132],
  [54, 106, 158, 210, 262],
  [80, 158, 236, 314, 392],
  [106, 210, 314, 418, 522],
  [132, 262, 392, 522, 652],
  [158, 314, 470, 626, 782],
  [184, 366, 548, 730, 912]]
 [[36, 69, 102, 135, 168],
  [69, 135, 201, 267, 333],
  [102, 201, 300, 399, 498],
  [135, 267, 399, 531, 663],
  [168, 333, 498, 663, 828],
  [201, 399, 597, 795, 993],
  [234, 465, 696, 927, 1158]]
 [[54, 104, 154, 204, 254],
  [104, 204, 304, 404, 504],
  [154, 304, 454, 604, 754],
  [0, 0, 0, 0, 0],
  [0, 0, 0, 0, 0],
  [0, 0, 0, 0, 0],
  [0, 0, 0, 0, 0]]]

### TEST_1, step = 24

#### SRC_MEM (TEST_1, step = 24)

[[[1, 2, 3, 4, 5],
  [2, 4, 6, 8, 10],
  [3, 6, 9, 12, 15],
  [4, 8, 12, 16, 20],
  [5, 10, 15, 20, 25],
  [6, 12, 18, 24, 30],
  [7, 14, 21, 28, 35]]
 [[2, 4, 6, 8, 10],
  [4, 8, 12, 16, 20],
  [6, 12, 18, 24, 30],
  [8, 16, 24, 32, 40],
  [10, 20, 30, 40, 50],
  [12, 24, 36, 48, 60],
  [14, 28, 42, 56, 70]]
 [[3, 6, 9, 12, 15],
  [6, 12, 18, 24, 30],
  [9, 18, 27, 36, 45],
  [12, 24, 36, 48, 60],
  [15, 30, 45, 60, 75],
  [18, 36, 54, 72, 90],
  [21, 42, 63, 84, 105]]]

#### DST_MEM (TEST_1, step = 24)

[[[37, 73, 109, 145, 181],
  [73, 145, 217, 289, 361],
  [109, 217, 325, 433, 541],
  [145, 289, 433, 577, 721],
  [181, 361, 541, 721, 901],
  [217, 433, 649, 865, 1081],
  [253, 505, 757, 1009, 1261]]
 [[28, 54, 80, 106, 132],
  [54, 106, 158, 210, 262],
  [80, 158, 236, 314, 392],
  [106, 210, 314, 418, 522],
  [132, 262, 392, 522, 652],
  [158, 314, 470, 626, 782],
  [184, 366, 548, 730, 912]]
 [[36, 69, 102, 135, 168],
  [69, 135, 201, 267, 333],
  [102, 201, 300, 399, 498],
  [135, 267, 399, 531, 663],
  [168, 333, 498, 663, 828],
  [201, 399, 597, 795, 993],
  [234, 465, 696, 927, 1158]]
 [[54, 104, 154, 204, 254],
  [104, 204, 304, 404, 504],
  [154, 304, 454, 604, 754],
  [12, 20, 28, 36, 44],
  [14, 24, 34, 44, 54],
  [16, 28, 40, 52, 64],
  [0, 0, 0, 0, 0]]]

### TEST_1, step = 25

#### SRC_MEM (TEST_1, step = 25)

[[[1, 2, 3, 4, 5],
  [2, 4, 6, 8, 10],
  [3, 6, 9, 12, 15],
  [4, 8, 12, 16, 20],
  [5, 10, 15, 20, 25],
  [6, 12, 18, 24, 30],
  [7, 14, 21, 28, 35]]
 [[2, 4, 6, 8, 10],
  [4, 8, 12, 16, 20],
  [6, 12, 18, 24, 30],
  [8, 16, 24, 32, 40],
  [10, 20, 30, 40, 50],
  [12, 24, 36, 48, 60],
  [14, 28, 42, 56, 70]]
 [[3, 6, 9, 12, 15],
  [6, 12, 18, 24, 30],
  [9, 18, 27, 36, 45],
  [12, 24, 36, 48, 60],
  [15, 30, 45, 60, 75],
  [18, 36, 54, 72, 90],
  [21, 42, 63, 84, 105]]]

#### DST_MEM (TEST_1, step = 25)

[[[37, 73, 109, 145, 181],
  [73, 145, 217, 289, 361],
  [109, 217, 325, 433, 541],
  [145, 289, 433, 577, 721],
  [181, 361, 541, 721, 901],
  [217, 433, 649, 865, 1081],
  [253, 505, 757, 1009, 1261]]
 [[28, 54, 80, 106, 132],
  [54, 106, 158, 210, 262],
  [80, 158, 236, 314, 392],
  [106, 210, 314, 418, 522],
  [132, 262, 392, 522, 652],
  [158, 314, 470, 626, 782],
  [184, 366, 548, 730, 912]]
 [[36, 69, 102, 135, 168],
  [69, 135, 201, 267, 333],
  [102, 201, 300, 399, 498],
  [135, 267, 399, 531, 663],
  [168, 333, 498, 663, 828],
  [201, 399, 597, 795, 993],
  [234, 465, 696, 927, 1158]]
 [[54, 104, 154, 204, 254],
  [104, 204, 304, 404, 504],
  [154, 304, 454, 604, 754],
  [60, 116, 172, 228, 284],
  [74, 144, 214, 284, 354],
  [88, 172, 256, 340, 424],
  [0, 0, 0, 0, 0]]]

### TEST_1, step = 26

#### SRC_MEM (TEST_1, step = 26)

[[[1, 2, 3, 4, 5],
  [2, 4, 6, 8, 10],
  [3, 6, 9, 12, 15],
  [4, 8, 12, 16, 20],
  [5, 10, 15, 20, 25],
  [6, 12, 18, 24, 30],
  [7, 14, 21, 28, 35]]
 [[2, 4, 6, 8, 10],
  [4, 8, 12, 16, 20],
  [6, 12, 18, 24, 30],
  [8, 16, 24, 32, 40],
  [10, 20, 30, 40, 50],
  [12, 24, 36, 48, 60],
  [14, 28, 42, 56, 70]]
 [[3, 6, 9, 12, 15],
  [6, 12, 18, 24, 30],
  [9, 18, 27, 36, 45],
  [12, 24, 36, 48, 60],
  [15, 30, 45, 60, 75],
  [18, 36, 54, 72, 90],
  [21, 42, 63, 84, 105]]]

#### DST_MEM (TEST_1, step = 26)

[[[37, 73, 109, 145, 181],
  [73, 145, 217, 289, 361],
  [109, 217, 325, 433, 541],
  [145, 289, 433, 577, 721],
  [181, 361, 541, 721, 901],
  [217, 433, 649, 865, 1081],
  [253, 505, 757, 1009, 1261]]
 [[28, 54, 80, 106, 132],
  [54, 106, 158, 210, 262],
  [80, 158, 236, 314, 392],
  [106, 210, 314, 418, 522],
  [132, 262, 392, 522, 652],
  [158, 314, 470, 626, 782],
  [184, 366, 548, 730, 912]]
 [[36, 69, 102, 135, 168],
  [69, 135, 201, 267, 333],
  [102, 201, 300, 399, 498],
  [135, 267, 399, 531, 663],
  [168, 333, 498, 663, 828],
  [201, 399, 597, 795, 993],
  [234, 465, 696, 927, 1158]]
 [[54, 104, 154, 204, 254],
  [104, 204, 304, 404, 504],
  [154, 304, 454, 604, 754],
  [204, 404, 604, 804, 1004],
  [254, 504, 754, 1004, 1254],
  [304, 604, 904, 1204, 1504],
  [0, 0, 0, 0, 0]]]

### TEST_1, step = 27

#### SRC_MEM (TEST_1, step = 27)

[[[1, 2, 3, 4, 5],
  [2, 4, 6, 8, 10],
  [3, 6, 9, 12, 15],
  [4, 8, 12, 16, 20],
  [5, 10, 15, 20, 25],
  [6, 12, 18, 24, 30],
  [7, 14, 21, 28, 35]]
 [[2, 4, 6, 8, 10],
  [4, 8, 12, 16, 20],
  [6, 12, 18, 24, 30],
  [8, 16, 24, 32, 40],
  [10, 20, 30, 40, 50],
  [12, 24, 36, 48, 60],
  [14, 28, 42, 56, 70]]
 [[3, 6, 9, 12, 15],
  [6, 12, 18, 24, 30],
  [9, 18, 27, 36, 45],
  [12, 24, 36, 48, 60],
  [15, 30, 45, 60, 75],
  [18, 36, 54, 72, 90],
  [21, 42, 63, 84, 105]]]

#### DST_MEM (TEST_1, step = 27)

[[[37, 73, 109, 145, 181],
  [73, 145, 217, 289, 361],
  [109, 217, 325, 433, 541],
  [145, 289, 433, 577, 721],
  [181, 361, 541, 721, 901],
  [217, 433, 649, 865, 1081],
  [253, 505, 757, 1009, 1261]]
 [[28, 54, 80, 106, 132],
  [54, 106, 158, 210, 262],
  [80, 158, 236, 314, 392],
  [106, 210, 314, 418, 522],
  [132, 262, 392, 522, 652],
  [158, 314, 470, 626, 782],
  [184, 366, 548, 730, 912]]
 [[36, 69, 102, 135, 168],
  [69, 135, 201, 267, 333],
  [102, 201, 300, 399, 498],
  [135, 267, 399, 531, 663],
  [168, 333, 498, 663, 828],
  [201, 399, 597, 795, 993],
  [234, 465, 696, 927, 1158]]
 [[54, 104, 154, 204, 254],
  [104, 204, 304, 404, 504],
  [154, 304, 454, 604, 754],
  [204, 404, 604, 804, 1004],
  [254, 504, 754, 1004, 1254],
  [304, 604, 904, 1204, 1504],
  [18, 32, 46, 60, 74]]]

### TEST_1, step = 28

#### SRC_MEM (TEST_1, step = 28)

[[[1, 2, 3, 4, 5],
  [2, 4, 6, 8, 10],
  [3, 6, 9, 12, 15],
  [4, 8, 12, 16, 20],
  [5, 10, 15, 20, 25],
  [6, 12, 18, 24, 30],
  [7, 14, 21, 28, 35]]
 [[2, 4, 6, 8, 10],
  [4, 8, 12, 16, 20],
  [6, 12, 18, 24, 30],
  [8, 16, 24, 32, 40],
  [10, 20, 30, 40, 50],
  [12, 24, 36, 48, 60],
  [14, 28, 42, 56, 70]]
 [[3, 6, 9, 12, 15],
  [6, 12, 18, 24, 30],
  [9, 18, 27, 36, 45],
  [12, 24, 36, 48, 60],
  [15, 30, 45, 60, 75],
  [18, 36, 54, 72, 90],
  [21, 42, 63, 84, 105]]]

#### DST_MEM (TEST_1, step = 28)

[[[37, 73, 109, 145, 181],
  [73, 145, 217, 289, 361],
  [109, 217, 325, 433, 541],
  [145, 289, 433, 577, 721],
  [181, 361, 541, 721, 901],
  [217, 433, 649, 865, 1081],
  [253, 505, 757, 1009, 1261]]
 [[28, 54, 80, 106, 132],
  [54, 106, 158, 210, 262],
  [80, 158, 236, 314, 392],
  [106, 210, 314, 418, 522],
  [132, 262, 392, 522, 652],
  [158, 314, 470, 626, 782],
  [184, 366, 548, 730, 912]]
 [[36, 69, 102, 135, 168],
  [69, 135, 201, 267, 333],
  [102, 201, 300, 399, 498],
  [135, 267, 399, 531, 663],
  [168, 333, 498, 663, 828],
  [201, 399, 597, 795, 993],
  [234, 465, 696, 927, 1158]]
 [[54, 104, 154, 204, 254],
  [104, 204, 304, 404, 504],
  [154, 304, 454, 604, 754],
  [204, 404, 604, 804, 1004],
  [254, 504, 754, 1004, 1254],
  [304, 604, 904, 1204, 1504],
  [102, 200, 298, 396, 494]]]

### TEST_1, step = 29

#### SRC_MEM (TEST_1, step = 29)

[[[1, 2, 3, 4, 5],
  [2, 4, 6, 8, 10],
  [3, 6, 9, 12, 15],
  [4, 8, 12, 16, 20],
  [5, 10, 15, 20, 25],
  [6, 12, 18, 24, 30],
  [7, 14, 21, 28, 35]]
 [[2, 4, 6, 8, 10],
  [4, 8, 12, 16, 20],
  [6, 12, 18, 24, 30],
  [8, 16, 24, 32, 40],
  [10, 20, 30, 40, 50],
  [12, 24, 36, 48, 60],
  [14, 28, 42, 56, 70]]
 [[3, 6, 9, 12, 15],
  [6, 12, 18, 24, 30],
  [9, 18, 27, 36, 45],
  [12, 24, 36, 48, 60],
  [15, 30, 45, 60, 75],
  [18, 36, 54, 72, 90],
  [21, 42, 63, 84, 105]]]

#### DST_MEM (TEST_1, step = 29)

[[[37, 73, 109, 145, 181],
  [73, 145, 217, 289, 361],
  [109, 217, 325, 433, 541],
  [145, 289, 433, 577, 721],
  [181, 361, 541, 721, 901],
  [217, 433, 649, 865, 1081],
  [253, 505, 757, 1009, 1261]]
 [[28, 54, 80, 106, 132],
  [54, 106, 158, 210, 262],
  [80, 158, 236, 314, 392],
  [106, 210, 314, 418, 522],
  [132, 262, 392, 522, 652],
  [158, 314, 470, 626, 782],
  [184, 366, 548, 730, 912]]
 [[36, 69, 102, 135, 168],
  [69, 135, 201, 267, 333],
  [102, 201, 300, 399, 498],
  [135, 267, 399, 531, 663],
  [168, 333, 498, 663, 828],
  [201, 399, 597, 795, 993],
  [234, 465, 696, 927, 1158]]
 [[54, 104, 154, 204, 254],
  [104, 204, 304, 404, 504],
  [154, 304, 454, 604, 754],
  [204, 404, 604, 804, 1004],
  [254, 504, 754, 1004, 1254],
  [304, 604, 904, 1204, 1504],
  [354, 704, 1054, 1404, 1754]]]

